1000 1000
517 892
240 724
315 532
850 936
635 135
762 123
206 87
398 189
30 951
66 4
200 20
152 752
805 334
328 431
689 935
733 833
355 43
528 854
462 337
473 295
664 161
771 371
865 310
904 195
398 286
477 448
671 759
262 251
165 52
517 229
577 905
559 576
568 747
207 150
731 20
512 424
351 21
101 114
351 884
179 797
179 161
866 389
515 715
247 308
676 529
38 278
199 974
318 215
470 564
165 442
192 324
694 708
343 572
911 992
168 98
552 899
243 153
625 307
556 145
532 844
393 788
475 787
356 94
187 414
723 389
833 323
887 18
603 441
106 541
210 476
20 728
278 925
583 781
763 745
49 329
163 65
491 29
189 794
888 171
268 53
112 62
955 522
358 661
55 672
990 833
245 176
346 645
310 980
775 670
759 313
828 338
958 92
499 326
155 941
139 202
595 997
309 760
51 597
653 70
795 898
236 456
112 996
860 673
758 150
51 619
710 987
923 733
821 494
65 156
821 394
653 910
128 788
337 371
25 174
790 316
726 293
900 593
987 438
472 965
664 204
762 533
487 341
335 633
654 126
725 642
20 227
245 573
754 187
342 654
486 708
824 801
680 787
461 836
55 71
135 161
532 895
78 795
274 480
872 415
523 219
598 77
591 807
469 727
57 171
818 10
658 790
10 874
954 987
217 650
811 599
1 924
25 189
589 590
799 412
774 479
884 759
926 400
454 101
843 933
13 930
150 246
75 542
341 217
466 253
118 675
832 254
493 479
967 967
704 582
871 674
552 248
423 945
603 649
305 911
696 543
63 874
842 579
283 683
313 766
139 856
469 422
468 405
772 538
110 398
254 538
73 936
688 402
990 425
878 576
153 868
252 628
573 321
750 96
905 301
694 480
746 54
926 580
153 946
967 604
438 561
889 403
69 399
700 182
360 294
815 39
853 204
310 357
74 649
849 62
878 780
219 344
297 318
801 941
95 679
476 437
328 751
911 224
300 168
541 316
470 634
669 67
502 983
640 385
555 841
469 381
449 872
594 598
959 568
989 8
580 930
435 822
316 714
978 994
285 873
202 91
719 740
514 334
43 101
976 857
634 169
592 596
874 393
793 41
829 708
507 621
442 397
718 335
400 713
328 344
88 748
645 284
667 588
76 384
964 518
559 12
158 816
555 660
25 991
297 961
930 90
260 565
824 607
931 575
742 388
394 547
318 392
332 462
802 139
900 473
297 563
133 811
136 952
277 932
551 683
785 439
982 746
734 264
647 919
188 631
965 899
887 747
430 469
697 218
309 799
954 424
387 394
177 6
735 192
104 877
875 779
211 811
633 461
73 245
678 527
335 918
318 854
713 799
888 706
442 400
299 961
789 773
889 236
909 372
355 904
194 902
37 192
261 740
924 233
7 749
229 222
493 573
280 77
358 895
700 201
239 415
44 697
311 161
771 682
815 710
252 600
365 288
318 435
129 75
126 975
918 887
621 92
445 59
723 72
663 405
259 113
802 391
513 64
78 172
10 386
816 75
451 545
247 259
613 618
741 760
903 120
239 644
788 129
553 793
215 95
356 102
660 970
506 785
833 332
771 493
429 838
640 316
831 217
664 374
826 615
226 994
616 10
362 947
213 853
143 287
253 850
285 405
384 596
534 309
596 455
118 757
164 356
447 72
969 777
258 137
942 736
287 233
552 975
959 365
381 384
744 772
28 722
417 600
150 416
39 162
787 599
807 931
128 398
436 704
903 137
19 157
488 55
294 726
695 558
126 570
398 442
692 41
124 613
306 687
62 220
141 105
853 454
341 464
544 947
545 132
67 890
597 754
536 243
885 977
422 518
310 177
607 812
755 141
822 573
158 235
696 329
767 922
402 83
578 371
948 586
676 67
821 842
758 583
239 572
205 513
572 529
313 443
736 644
740 913
865 168
302 756
477 199
279 420
971 302
28 845
421 501
470 941
755 19
855 245
292 681
134 423
377 550
821 263
754 155
425 916
389 880
113 169
372 583
539 895
791 142
556 22
122 939
607 747
87 660
127 212
703 204
288 514
301 685
875 942
940 394
320 39
459 707
697 35
429 599
684 204
486 853
146 141
987 284
734 501
961 452
936 595
256 212
18 155
201 22
402 655
422 7
210 194
66 27
668 553
705 201
50 227
912 130
133 314
264 680
701 243
751 69
992 450
816 305
414 737
860 401
916 523
337 476
79 780
434 271
836 796
103 403
477 99
318 349
743 135
746 407
162 499
227 94
128 170
790 915
602 141
759 38
583 770
900 343
182 758
876 247
591 779
71 823
77 749
647 174
782 993
840 345
742 360
316 631
64 859
667 843
911 575
73 437
156 795
871 522
513 807
239 51
678 927
66 908
929 824
772 646
483 763
659 903
33 936
179 463
872 724
710 183
405 198
602 14
507 638
555 988
566 936
459 922
496 1000
927 473
618 837
492 323
662 187
697 391
666 595
367 592
976 382
495 936
419 35
378 169
164 981
335 85
38 408
936 622
31 701
734 864
928 252
535 446
719 881
228 650
707 730
128 465
687 857
142 95
259 293
362 286
471 677
907 453
433 512
535 55
921 374
416 792
683 324
789 7
477 638
836 121
258 757
638 515
670 811
852 322
731 509
137 894
427 457
975 564
687 559
975 643
623 5
675 569
211 333
375 143
345 658
879 378
392 651
466 620
245 319
368 578
380 474
287 39
617 687
324 794
7 118
745 491
481 751
530 803
271 352
36 740
620 12
335 991
453 109
947 877
548 323
978 888
254 773
21 219
281 911
817 511
570 549
419 687
495 647
74 238
896 709
980 672
947 181
420 966
985 619
738 830
603 712
283 643
368 478
778 376
475 314
95 755
361 467
575 999
712 363
645 914
159 755
344 489
97 284
428 73
803 459
29 776
553 477
962 834
12 220
390 904
679 720
341 326
258 817
949 180
606 747
962 704
25 99
655 425
957 618
737 679
461 168
102 385
663 787
935 751
208 119
618 714
956 360
819 928
949 726
435 428
231 520
985 614
41 909
673 999
766 350
498 519
245 536
469 155
317 449
738 49
949 89
685 861
491 107
337 793
92 419
627 929
300 578
291 181
718 608
319 874
421 825
408 395
948 684
568 188
251 680
684 448
731 831
439 387
589 472
16 290
845 607
45 545
573 688
695 309
767 644
671 468
634 723
474 938
329 451
1 110
321 567
396 500
322 540
729 315
903 912
287 81
873 795
903 126
1 795
861 735
709 490
508 876
773 203
552 380
654 702
64 991
502 607
579 893
689 965
257 117
748 450
590 432
40 511
811 967
122 714
230 25
264 874
299 410
326 530
507 17
457 628
979 121
660 472
944 75
306 581
730 945
787 359
982 205
250 538
73 579
54 670
89 581
888 83
678 134
596 375
745 977
244 910
132 467
241 937
515 398
147 954
473 703
499 478
294 330
607 916
455 924
110 294
502 402
76 894
436 24
80 283
524 292
717 715
602 749
814 491
164 510
925 373
512 975
325 57
902 102
486 783
351 945
418 91
310 319
526 874
830 40
322 741
644 987
157 540
398 135
602 189
772 891
856 149
334 329
985 53
495 344
232 224
616 802
225 509
968 462
436 616
42 591
522 342
680 220
275 137
223 241
415 32
298 389
123 154
51 550
623 996
72 18
462 122
35 567
901 99
940 862
743 736
186 299
232 621
288 984
289 281
173 899
411 195
247 917
416 750
240 868
734 358
713 915
525 915
550 832
700 589
771 847
887 105
766 5
891 988
668 872
917 772
808 925
408 191
433 217
157 318
404 196
168 250
738 891
744 995
804 869
463 349
547 577
275 387
748 766
293 256
333 770
616 900
849 47
572 707
218 403
275 805
208 967
891 193
84 170
174 851
130 399
918 616
903 580
125 272
799 852
580 115
106 936
346 47
943 745
423 609
274 881
434 641
778 291
760 579
694 504
678 459
258 892
913 577
780 912
547 701
740 449
785 661
587 688
267 317
203 715
139 94
815 893
802 50
404 730
751 207
361 317
785 818
843 501
647 286
204 533
462 413
788 259
59 933
457 716
578 839
131 566
942 844
907 814
514 513
766 826
655 285
884 25
63 953
541 594
978 207
742 699
526 397
160 668
676 76
707 771
216 300
929 424
18 107
85 83
211 302
310 341
690 199
679 949
48 911
97 756
808 213
970 499
363 440
696 43
490 874
105 668
86 109
189 99
829 842
38 438
37 944
574 482
422 898
402 703
779 765
486 17
698 512
313 387
100 580
466 431
247 286
731 129
594 2
269 845
264 114
925 750
872 760
325 137
772 817
558 40
802 378
612 395
864 559
274 884
371 417
400 866
576 912
746 865
884 202
851 672
794 395
522 187
564 325
260 481
780 489
426 241
859 871
308 585
569 147
597 575
774 504
193 827
464 761
317 260
374 958
383 499
781 332
614 821
233 240
234 68
374 861
366 952
503 620
797 802
735 707
875 410
182 257
630 10
478 945
997 226
678 77
703 997
703 445
63 716
734 665
799 969
65 283
283 887
950 560
767 640
5000
616 4
243 50
202 5
275 50
327 15
609 50
41 21
811 50
88 3
581 50
393 0
895 50
608 45
660 50
435 8
936 50
979 23
624 50
223 9
115 50
210 37
421 50
381 47
20 50
255 26
497 50
667 18
484 50
591 3
484 50
480 45
171 50
786 27
750 50
107 0
354 50
474 5
766 50
917 35
577 50
271 0
847 50
846 1
807 50
91 0
354 50
975 7
555 50
103 30
21 50
736 0
392 50
966 0
237 50
971 26
271 50
523 2
410 50
167 0
740 50
453 13
955 50
974 23
2 50
810 0
553 50
918 6
323 50
835 1
534 50
102 8
881 50
166 12
767 50
423 38
593 50
139 35
555 50
117 31
602 50
524 46
656 50
605 14
60 50
224 0
555 50
738 4
468 50
388 31
254 50
329 1
762 50
774 0
190 50
954 43
972 50
150 3
583 50
965 16
342 50
209 32
30 50
647 6
378 50
246 0
94 50
927 8
308 50
366 12
314 50
206 0
227 50
209 0
36 50
560 28
452 50
63 1
809 50
527 22
889 50
504 7
159 50
605 1
36 50
75 1
849 50
208 36
520 50
901 13
339 50
532 16
322 50
469 2
152 50
370 17
330 50
588 0
64 50
994 1
960 50
859 1
426 50
432 23
134 50
164 6
300 50
588 13
760 50
586 13
899 50
244 10
765 50
543 19
889 50
884 2
35 50
137 1
551 50
355 23
821 50
462 1
177 50
302 2
364 50
460 0
799 50
843 3
834 50
785 8
1000 50
307 11
963 50
386 16
950 50
340 32
250 50
733 8
434 50
292 0
167 50
897 13
100 50
772 1
487 50
951 23
894 50
483 2
276 50
304 45
785 50
830 2
763 50
905 49
363 50
950 0
134 50
677 18
230 50
445 7
863 50
610 8
977 50
956 16
260 50
761 25
32 50
589 0
93 50
35 8
562 50
108 14
448 50
857 2
654 50
634 0
207 50
1000 0
370 50
267 8
70 50
455 18
812 50
780 6
239 50
716 14
524 50
430 0
293 50
168 0
744 50
186 1
105 50
696 3
806 50
353 34
546 50
519 0
196 50
238 42
447 50
405 49
767 50
430 8
787 50
675 9
292 50
673 10
739 50
80 2
239 50
337 4
586 50
141 3
571 50
208 16
666 50
862 7
311 50
427 20
336 50
204 29
40 50
159 1
399 50
896 0
322 50
892 14
549 50
820 7
789 50
35 32
798 50
529 29
76 50
758 1
229 50
661 0
987 50
109 15
771 50
678 3
745 50
919 7
357 50
720 12
807 50
869 6
578 50
230 5
312 50
14 1
103 50
648 8
737 50
357 34
872 50
499 14
136 50
633 12
859 50
351 10
646 50
7 21
706 50
279 0
51 50
590 3
270 50
974 18
539 50
360 17
997 50
515 2
898 50
744 3
351 50
801 21
61 50
254 4
534 50
300 5
104 50
339 4
608 50
394 3
358 50
967 0
843 50
287 24
459 50
891 2
371 50
461 0
466 50
604 0
474 50
526 27
704 50
945 47
614 50
453 1
802 50
29 38
953 50
675 12
837 50
247 4
175 50
373 16
719 50
110 31
21 50
46 0
620 50
141 9
947 50
42 1
922 50
889 1
495 50
818 20
854 50
988 44
956 50
143 33
12 50
598 3
52 50
133 0
693 50
42 35
682 50
129 1
265 50
191 2
828 50
288 1
582 50
247 22
748 50
485 6
537 50
728 0
430 50
75 7
54 50
647 26
271 50
958 2
929 50
22 7
779 50
725 0
292 50
543 8
830 50
92 0
950 50
598 25
408 50
467 10
470 50
733 49
986 50
289 16
275 50
450 7
928 50
190 32
552 50
467 1
364 50
606 15
157 50
999 1
353 50
531 7
993 50
484 0
618 50
558 5
412 50
553 33
549 50
454 0
904 50
993 12
223 50
682 6
588 50
506 3
37 50
766 27
334 50
876 22
30 50
917 13
860 50
920 46
17 50
71 9
853 50
126 0
976 50
840 16
630 50
165 2
324 50
531 1
633 50
502 0
587 50
905 2
232 50
173 28
6 50
99 7
36 50
643 1
518 50
568 48
249 50
171 0
721 50
814 32
792 50
771 7
443 50
827 25
783 50
820 2
320 50
368 1
568 50
691 28
485 50
290 1
776 50
111 5
421 50
540 17
135 50
833 0
546 50
309 0
823 50
740 42
59 50
845 0
5 50
192 3
994 50
893 47
96 50
540 25
812 50
306 0
6 50
836 47
425 50
105 38
990 50
225 8
564 50
176 1
813 50
398 4
258 50
963 6
93 50
647 18
477 50
805 10
312 50
104 9
693 50
843 1
19 50
426 4
772 50
402 14
453 50
252 11
587 50
425 3
956 50
785 1
597 50
56 0
84 50
130 1
416 50
248 0
741 50
818 46
739 50
687 47
182 50
840 20
656 50
978 25
888 50
799 4
442 50
723 0
214 50
566 27
573 50
399 40
41 50
841 1
265 50
840 9
494 50
170 5
167 50
459 13
71 50
284 3
666 50
601 21
669 50
480 14
157 50
831 3
287 50
482 26
916 50
323 0
111 50
117 25
76 50
934 27
260 50
332 24
523 50
287 6
420 50
542 0
366 50
210 4
779 50
485 17
847 50
800 3
381 50
708 1
909 50
721 6
86 50
448 0
355 50
402 1
388 50
698 33
744 50
643 16
766 50
285 3
238 50
108 12
162 50
801 3
254 50
509 42
925 50
263 0
160 50
983 12
22 50
251 3
409 50
603 25
388 50
105 15
157 50
160 7
947 50
942 1
429 50
506 35
170 50
170 0
646 50
523 0
211 50
562 4
153 50
596 21
885 50
997 10
737 50
640 0
474 50
542 0
469 50
744 12
662 50
925 4
390 50
163 1
750 50
791 1
789 50
49 8
967 50
216 1
372 50
871 10
436 50
10 0
453 50
421 14
239 50
714 0
843 50
922 0
438 50
484 14
213 50
162 0
745 50
453 2
92 50
927 28
123 50
966 28
679 50
868 45
672 50
479 3
990 50
16 1
350 50
502 14
480 50
226 9
455 50
780 2
106 50
931 33
20 50
332 4
724 50
146 31
704 50
405 31
937 50
504 2
983 50
649 40
749 50
202 2
890 50
233 20
909 50
128 5
640 50
662 7
197 50
674 18
104 50
441 0
141 50
639 0
252 50
179 7
785 50
462 26
311 50
409 2
782 50
293 6
316 50
966 0
137 50
712 0
367 50
446 0
46 50
642 27
899 50
382 0
710 50
253 44
302 50
786 15
787 50
617 3
995 50
464 0
356 50
255 0
32 50
967 1
340 50
774 0
80 50
361 1
776 50
172 8
106 50
506 0
534 50
227 34
448 50
596 0
484 50
405 15
569 50
742 21
554 50
464 20
963 50
662 2
153 50
49 6
678 50
117 0
525 50
961 12
191 50
975 14
116 50
147 26
52 50
674 16
369 50
413 5
110 50
387 4
124 50
922 21
508 50
90 7
418 50
460 2
28 50
585 14
210 50
296 12
79 50
587 23
12 50
144 17
898 50
643 10
531 50
269 18
29 50
908 4
27 50
288 1
248 50
158 19
499 50
389 9
30 50
94 8
291 50
233 6
858 50
915 6
771 50
175 7
638 50
83 0
10 50
687 36
977 50
263 4
469 50
288 3
781 50
14 10
578 50
883 2
125 50
944 37
981 50
136 3
359 50
738 16
132 50
957 0
256 50
248 9
266 50
572 7
625 50
262 31
34 50
739 0
366 50
214 15
141 50
196 3
525 50
137 6
843 50
867 5
819 50
682 5
177 50
253 5
566 50
90 0
388 50
270 3
421 50
400 4
380 50
90 0
791 50
370 3
429 50
694 3
667 50
416 4
814 50
134 5
576 50
469 11
451 50
162 0
957 50
445 7
504 50
110 10
386 50
542 1
317 50
662 5
429 50
132 42
695 50
557 30
245 50
363 13
689 50
729 3
70 50
655 3
25 50
760 1
783 50
576 3
487 50
802 12
507 50
450 0
551 50
340 3
991 50
855 9
462 50
899 12
290 50
116 3
116 50
421 34
762 50
662 20
599 50
649 9
322 50
737 9
29 50
416 3
909 50
987 13
351 50
883 0
450 50
143 18
601 50
731 0
187 50
654 8
897 50
761 1
812 50
343 2
563 50
108 13
400 50
85 1
27 50
351 0
113 50
278 7
959 50
839 3
422 50
308 21
760 50
378 1
941 50
668 16
434 50
884 48
448 50
709 18
166 50
994 1
93 50
611 6
717 50
585 46
533 50
879 0
569 50
898 46
696 50
820 37
59 50
756 18
975 50
715 4
744 50
428 0
83 50
133 31
505 50
796 1
195 50
171 39
678 50
120 4
177 50
503 0
85 50
833 1
306 50
621 5
517 50
871 17
130 50
711 0
179 50
737 0
553 50
166 43
478 50
291 0
322 50
546 4
500 50
604 0
886 50
171 12
60 50
849 15
221 50
166 46
528 50
667 22
787 50
734 21
18 50
466 39
193 50
910 9
750 50
389 5
767 50
518 1
586 50
231 8
420 50
213 9
593 50
106 16
698 50
982 0
32 50
211 0
582 50
798 4
742 50
644 0
520 50
578 6
870 50
886 29
337 50
426 21
868 50
122 3
233 50
631 11
289 50
231 35
104 50
235 8
155 50
767 8
543 50
882 0
493 50
913 0
997 50
832 3
504 50
19 1
962 50
243 9
973 50
490 8
151 50
601 14
704 50
673 12
536 50
42 26
957 50
961 7
875 50
213 11
475 50
889 1
24 50
633 4
60 50
430 14
409 50
562 1
963 50
711 39
464 50
636 38
892 50
478 37
201 50
748 0
134 50
651 0
100 50
222 0
52 50
423 1
775 50
864 35
504 50
739 6
154 50
334 5
129 50
857 19
340 50
506 0
173 50
30 0
787 50
937 8
88 50
342 0
599 50
925 15
606 50
931 0
60 50
968 24
255 50
179 8
587 50
355 8
145 50
858 14
221 50
684 7
397 50
208 4
793 50
357 13
438 50
272 33
440 50
553 1
423 50
317 45
289 50
108 8
472 50
706 6
413 50
448 30
997 50
486 9
124 50
904 0
953 50
170 44
621 50
617 2
629 50
568 4
285 50
856 14
458 50
381 0
302 50
327 1
718 50
85 8
425 50
235 2
809 50
993 1
830 50
341 5
176 50
485 7
844 50
542 22
796 50
985 1
274 50
378 4
946 50
453 0
5 50
70 22
757 50
716 2
648 50
856 1
380 50
396 38
291 50
247 1
775 50
293 0
178 50
915 29
679 50
468 5
289 50
861 20
600 50
348 5
109 50
639 9
762 50
270 46
448 50
962 0
831 50
381 18
275 50
618 3
462 50
418 42
956 50
881 1
321 50
767 0
974 50
859 2
868 50
590 29
680 50
66 6
558 50
824 0
133 50
953 19
334 50
389 13
461 50
326 5
146 50
111 3
547 50
41 1
964 50
866 5
992 50
285 8
521 50
51 2
612 50
706 36
952 50
436 4
675 50
364 40
794 50
35 8
219 50
370 7
276 50
548 28
967 50
292 23
472 50
37 21
882 50
822 14
498 50
398 26
991 50
433 1
269 50
827 38
104 50
13 7
877 50
733 1
960 50
936 30
40 50
475 9
593 50
206 0
767 50
954 1
295 50
476 26
225 50
254 4
609 50
842 4
586 50
422 13
90 50
257 20
139 50
35 0
627 50
452 17
187 50
703 0
427 50
825 36
489 50
709 23
729 50
952 44
812 50
424 11
857 50
375 0
236 50
355 0
156 50
833 26
409 50
107 9
273 50
546 0
620 50
479 1
269 50
878 5
182 50
643 10
933 50
235 4
726 50
562 0
116 50
454 1
983 50
70 12
331 50
666 24
85 50
549 11
408 50
467 0
736 50
873 46
360 50
381 19
460 50
219 0
391 50
205 5
671 50
230 45
846 50
641 10
619 50
830 5
504 50
824 11
287 50
202 41
379 50
429 0
239 50
439 0
87 50
104 2
246 50
498 15
106 50
693 0
376 50
386 4
152 50
139 4
105 50
607 9
207 50
572 5
774 50
626 8
831 50
134 49
302 50
923 1
311 50
549 14
163 50
857 7
486 50
524 3
635 50
714 0
366 50
99 2
431 50
475 46
168 50
91 5
246 50
660 2
980 50
814 5
480 50
875 41
589 50
569 11
141 50
881 1
650 50
697 42
89 50
838 4
198 50
839 15
919 50
255 0
856 50
601 0
405 50
680 3
450 50
604 5
610 50
625 4
106 50
703 4
308 50
60 15
553 50
348 17
998 50
961 2
364 50
321 30
597 50
959 0
945 50
673 43
594 50
351 11
506 50
453 37
605 50
191 9
231 50
610 1
135 50
442 1
309 50
119 4
375 50
425 9
607 50
531 48
842 50
583 0
674 50
564 37
125 50
680 23
830 50
101 27
310 50
288 1
764 50
943 9
374 50
309 0
336 50
966 3
257 50
975 12
220 50
708 34
872 50
228 11
741 50
724 0
238 50
443 1
655 50
779 15
585 50
899 0
432 50
61 0
492 50
107 8
760 50
318 30
201 50
984 0
802 50
89 1
308 50
377 0
143 50
141 4
506 50
692 2
355 50
12 2
329 50
152 19
610 50
785 0
74 50
675 0
523 50
494 2
323 50
169 7
98 50
895 5
1000 50
422 3
256 50
668 12
772 50
795 6
192 50
199 0
982 50
219 2
399 50
388 6
952 50
946 1
209 50
85 7
479 50
874 0
991 50
84 23
319 50
394 5
159 50
823 3
858 50
44 30
252 50
635 1
501 50
851 19
345 50
639 5
645 50
336 20
249 50
388 28
468 50
623 4
989 50
98 27
949 50
902 24
577 50
391 37
328 50
675 2
396 50
786 2
405 50
64 21
519 50
850 40
723 50
995 7
70 50
920 36
470 50
69 7
771 50
176 1
499 50
249 3
591 50
94 19
39 50
536 37
943 50
15 1
761 50
222 4
418 50
619 28
588 50
193 11
602 50
175 16
395 50
34 47
460 50
775 3
763 50
43 1
949 50
193 0
157 50
170 9
251 50
569 3
733 50
78 18
3 50
582 2
331 50
712 22
111 50
846 2
867 50
518 1
53 50
785 0
674 50
407 12
673 50
292 0
690 50
564 7
198 50
478 1
121 50
727 1
923 50
695 0
696 50
539 0
156 50
732 12
258 50
422 1
368 50
563 5
183 50
430 13
848 50
976 35
510 50
464 0
476 50
898 0
50 50
673 0
766 50
196 1
976 50
225 4
774 50
400 10
398 50
5 3
208 50
223 24
80 50
824 7
205 50
285 42
755 50
200 2
23 50
342 33
899 50
823 13
672 50
594 1
899 50
188 2
931 50
963 29
337 50
128 17
681 50
567 48
18 50
726 1
421 50
300 5
312 50
482 16
548 50
731 9
735 50
323 7
114 50
806 6
967 50
741 6
300 50
204 49
498 50
727 3
874 50
210 33
14 50
235 24
678 50
537 1
783 50
950 22
361 50
376 1
420 50
240 39
521 50
461 1
546 50
414 4
708 50
915 2
417 50
490 11
381 50
399 0
580 50
189 3
488 50
380 0
894 50
533 0
907 50
87 40
469 50
247 0
383 50
123 3
810 50
665 36
293 50
435 4
91 50
827 42
779 50
107 2
39 50
613 0
327 50
242 30
426 50
152 6
512 50
524 0
948 50
896 11
581 50
367 11
36 50
130 7
116 50
686 0
131 50
638 26
414 50
994 0
491 50
521 1
169 50
684 10
902 50
256 22
569 50
554 49
709 50
580 6
886 50
86 2
279 50
943 20
38 50
207 2
135 50
866 22
106 50
419 1
918 50
659 43
287 50
663 36
870 50
113 0
682 50
494 0
710 50
479 17
648 50
230 18
946 50
539 7
316 50
208 2
218 50
32 1
451 50
211 40
220 50
518 8
492 50
806 1
708 50
550 13
633 50
511 1
443 50
739 13
838 50
595 22
678 50
417 0
902 50
504 21
417 50
770 7
660 50
432 1
93 50
440 0
467 50
407 44
611 50
731 12
122 50
97 2
667 50
567 4
840 50
447 13
344 50
176 32
271 50
444 47
45 50
511 2
115 50
758 7
146 50
811 16
183 50
965 22
676 50
931 35
468 50
288 9
716 50
442 3
766 50
37 30
80 50
927 0
746 50
193 8
787 50
106 0
694 50
44 24
282 50
52 1
875 50
930 34
840 50
147 3
284 50
11 0
296 50
34 1
262 50
519 0
677 50
880 1
799 50
959 16
735 50
677 3
565 50
103 34
414 50
554 0
243 50
746 4
244 50
348 2
433 50
830 5
818 50
149 35
932 50
939 44
885 50
38 9
685 50
399 8
178 50
124 3
333 50
480 4
662 50
127 5
455 50
316 28
233 50
713 12
283 50
193 9
422 50
529 12
59 50
794 5
438 50
744 1
453 50
712 0
539 50
478 17
602 50
960 4
78 50
733 9
814 50
928 22
762 50
341 0
451 50
720 16
910 50
666 0
109 50
68 4
973 50
499 24
655 50
681 3
992 50
414 14
684 50
377 15
183 50
493 8
91 50
475 0
899 50
235 0
96 50
29 1
729 50
435 9
905 50
612 37
328 50
15 43
687 50
240 0
498 50
335 27
222 50
178 2
106 50
941 22
624 50
690 14
291 50
774 2
3 50
209 39
6 50
557 47
334 50
983 12
18 50
471 0
662 50
286 3
996 50
346 3
494 50
617 2
71 50
442 3
696 50
20 0
701 50
883 2
787 50
932 6
716 50
539 8
67 50
294 0
262 50
860 10
887 50
319 38
888 50
552 10
797 50
846 5
580 50
398 2
596 50
152 0
149 50
7 2
623 50
517 19
920 50
556 10
419 50
608 35
908 50
179 3
714 50
611 5
685 50
552 17
60 50
881 38
981 50
609 3
269 50
512 13
200 50
214 5
966 50
196 31
307 50
150 1
551 50
875 1
168 50
239 46
153 50
63 8
160 50
492 7
267 50
755 2
526 50
713 15
841 50
774 24
877 50
5 47
748 50
596 0
791 50
4 13
613 50
904 24
101 50
615 3
469 50
787 0
672 50
345 9
40 50
733 0
644 50
441 41
517 50
437 32
585 50
103 2
295 50
134 11
130 50
388 39
539 50
780 9
933 50
166 10
452 50
205 0
820 50
238 0
542 50
418 0
153 50
664 0
610 50
750 35
940 50
572 0
568 50
642 28
636 50
589 0
153 50
349 0
536 50
822 4
435 50
884 0
142 50
638 26
675 50
937 5
841 50
888 2
99 50
777 10
268 50
140 14
951 50
672 1
141 50
990 9
629 50
880 14
507 50
994 0
181 50
76 0
176 50
487 10
631 50
384 31
20 50
872 23
498 50
974 23
518 50
590 2
890 50
774 17
247 50
18 27
894 50
17 23
149 50
61 3
837 50
168 8
267 50
241 0
100 50
538 4
257 50
139 4
843 50
361 2
556 50
240 20
785 50
814 1
48 50
656 3
23 50
231 1
766 50
618 7
480 50
892 12
15 50
534 10
534 50
380 6
914 50
618 12
724 50
188 43
420 50
978 0
237 50
585 32
175 50
988 0
247 50
191 0
959 50
628 4
148 50
105 0
571 50
963 6
962 50
152 1
259 50
636 0
923 50
460 0
130 50
954 8
693 50
402 7
313 50
759 2
371 50
753 40
294 50
846 0
392 50
275 6
135 50
704 2
518 50
705 41
424 50
324 7
842 50
952 2
156 50
282 1
387 50
273 34
439 50
848 4
618 50
587 8
576 50
620 6
772 50
64 6
350 50
846 6
747 50
34 10
234 50
902 5
42 50
473 1
955 50
189 4
173 50
177 1
91 50
340 6
763 50
762 0
533 50
216 0
193 50
674 47
177 50
561 30
33 50
702 1
422 50
471 1
548 50
451 10
38 50
567 4
407 50
207 6
162 50
238 8
255 50
304 0
507 50
420 20
655 50
471 1
711 50
972 15
606 50
154 0
311 50
327 43
438 50
536 1
781 50
560 31
591 50
487 4
741 50
778 2
252 50
721 0
672 50
807 10
260 50
659 0
861 50
715 2
805 50
276 13
788 50
721 27
955 50
607 1
665 50
950 29
461 50
245 0
297 50
877 0
317 50
576 0
643 50
110 7
147 50
245 1
576 50
617 4
222 50
858 7
94 50
300 5
484 50
375 12
60 50
63 2
188 50
302 2
34 50
574 11
843 50
937 1
220 50
205 29
90 50
129 1
28 50
685 12
519 50
991 0
40 50
532 24
542 50
983 16
502 50
888 2
917 50
924 1
891 50
156 4
297 50
111 4
147 50
845 34
598 50
777 16
152 50
118 20
751 50
631 10
838 50
978 1
348 50
123 45
353 50
522 24
375 50
675 27
228 50
574 25
840 50
47 0
228 50
658 4
340 50
137 9
166 50
142 42
790 50
856 36
406 50
583 0
501 50
944 3
452 50
765 41
781 50
796 36
509 50
963 6
945 50
345 17
367 50
907 9
385 50
851 21
816 50
398 48
605 50
253 13
22 50
2 0
51 50
953 28
314 50
573 0
490 50
937 17
596 50
677 46
739 50
253 0
176 50
385 41
114 50
719 33
495 50
106 1
59 50
482 34
496 50
764 2
483 50
183 2
276 50
474 4
551 50
981 39
491 50
826 0
784 50
229 14
58 50
615 7
539 50
968 25
292 50
725 1
475 50
619 12
884 50
621 1
556 50
541 25
769 50
801 2
934 50
522 1
979 50
52 0
284 50
910 1
281 50
378 17
771 50
836 45
452 50
677 19
415 50
268 16
335 50
962 25
409 50
748 2
614 50
299 1
115 50
894 6
126 50
664 2
697 50
434 1
848 50
237 1
311 50
724 0
470 50
422 7
698 50
905 9
352 50
593 24
185 50
379 0
878 50
178 5
737 50
75 0
310 50
523 11
958 50
347 3
59 50
576 32
692 50
654 0
739 50
551 3
461 50
831 47
593 50
181 42
609 50
400 7
317 50
451 3
933 50
596 47
351 50
863 0
697 50
184 21
852 50
129 0
128 50
860 9
216 50
732 14
738 50
502 7
306 50
715 1
943 50
324 0
799 50
641 14
381 50
614 39
383 50
377 12
190 50
925 35
555 50
516 31
460 50
968 19
578 50
135 26
738 50
496 0
12 50
204 16
207 50
187 1
503 50
210 0
466 50
284 34
36 50
239 5
840 50
74 0
838 50
237 3
579 50
300 5
18 50
549 10
813 50
799 6
72 50
967 23
592 50
196 3
491 50
420 2
518 50
862 0
816 50
864 1
641 50
667 13
946 50
123 15
935 50
612 20
695 50
372 20
762 50
831 25
874 50
899 0
807 50
153 8
80 50
879 27
439 50
348 49
410 50
242 2
905 50
779 5
350 50
138 28
230 50
54 14
240 50
130 4
962 50
580 4
707 50
197 6
820 50
9 17
681 50
34 5
307 50
478 8
948 50
38 0
540 50
446 2
889 50
580 3
849 50
797 2
425 50
985 18
581 50
344 5
270 50
120 1
667 50
438 1
841 50
160 6
922 50
127 5
602 50
975 13
563 50
470 9
869 50
813 0
327 50
828 5
753 50
298 18
527 50
484 47
115 50
29 18
178 50
437 6
607 50
964 2
753 50
443 12
919 50
816 45
304 50
483 0
238 50
174 24
566 50
330 19
526 50
199 8
33 50
402 1
311 50
882 1
507 50
390 30
987 50
574 5
517 50
128 4
767 50
586 0
862 50
922 4
366 50
795 1
56 50
920 4
220 50
745 0
331 50
868 0
401 50
693 5
595 50
568 0
361 50
194 0
972 50
739 13
277 50
760 2
292 50
425 9
102 50
904 3
454 50
696 0
493 50
808 0
497 50
198 1
380 50
479 1
626 50
106 1
937 50
525 3
448 50
105 0
559 50
466 38
9 50
37 43
639 50
430 16
329 50
761 0
301 50
140 16
986 50
588 23
597 50
281 15
480 50
216 19
687 50
435 16
520 50
294 1
234 50
138 6
485 50
67 12
429 50
289 4
6 50
55 8
189 50
610 0
973 50
194 37
767 50
261 19
46 50
759 3
998 50
10 0
646 50
411 4
705 50
578 24
954 50
336 2
525 50
345 0
86 50
625 22
888 50
407 16
330 50
395 26
840 50
387 42
189 50
322 1
74 50
816 16
351 50
780 2
433 50
690 3
419 50
224 5
899 50
923 2
125 50
143 0
351 50
417 29
308 50
567 1
949 50
517 42
991 50
729 8
3 50
279 2
227 50
320 1
312 50
133 0
543 50
35 1
630 50
785 1
539 50
397 0
3 50
17 8
381 50
108 32
66 50
483 5
797 50
29 3
593 50
873 46
338 50
718 10
975 50
145 4
454 50
737 6
896 50
378 13
805 50
555 16
784 50
361 0
232 50
535 45
950 50
972 23
908 50
897 37
589 50
572 41
299 50
327 10
493 50
989 49
558 50
435 0
554 50
229 4
21 50
156 21
513 50
303 9
7 50
584 6
999 50
497 20
655 50
172 17
712 50
672 30
677 50
161 0
865 50
728 8
705 50
970 2
153 50
1 1
475 50
599 0
194 50
203 25
960 50
803 0
465 50
866 0
827 50
242 1
789 50
591 41
342 50
688 0
250 50
540 6
672 50
305 21
229 50
561 4
899 50
691 34
165 50
63 0
755 50
350 2
631 50
202 7
969 50
932 16
233 50
461 17
494 50
144 22
325 50
949 0
189 50
461 2
700 50
119 2
375 50
926 9
772 50
23 7
492 50
764 15
387 50
255 0
911 50
426 14
128 50
878 6
715 50
432 2
61 50
110 1
875 50
988 1
519 50
806 28
196 50
463 11
436 50
583 4
97 50
816 8
4 50
872 0
421 50
863 9
431 50
835 49
454 50
777 9
205 50
980 0
505 50
635 0
314 50
903 0
863 50
159 3
952 50
281 3
324 50
376 4
383 50
635 1
6 50
903 13
393 50
827 29
851 50
327 6
10 50
29 5
583 50
857 5
927 50
124 1
610 50
860 1
863 50
86 4
899 50
575 11
472 50
54 23
313 50
184 14
991 50
715 19
748 50
811 0
882 50
328 24
296 50
628 25
36 50
166 0
385 50
169 1
516 50
328 14
522 50
294 5
944 50
334 6
779 50
63 37
740 50
992 10
519 50
272 5
925 50
525 11
880 50
265 29
539 50
876 3
958 50
142 4
921 50
585 43
383 50
697 5
934 50
283 4
235 50
712 0
600 50
766 1
725 50
558 3
615 50
675 14
972 50
968 5
39 50
738 32
487 50
68 6
108 50
195 6
777 50
245 10
863 50
369 3
729 50
92 1
790 50
252 5
116 50
753 0
55 50
762 12
246 50
964 2
932 50
640 0
134 50
87 8
621 50
9 1
47 50
665 0
857 50
53 18
820 50
1000 32
182 50
927 1
544 50
796 48
916 50
860 5
857 50
542 9
379 50
296 25
688 50
114 0
767 50
373 20
917 50
914 11
927 50
427 24
521 50
879 11
570 50
638 0
62 50
971 2
199 50
119 42
121 50
589 0
521 50
292 18
973 50
144 10
874 50
636 20
639 50
353 0
411 50
585 44
603 50
991 0
146 50
817 14
201 50
422 1
541 50
415 46
237 50
78 19
865 50
461 11
325 50
117 38
623 50
860 1
589 50
561 47
440 50
639 4
134 50
60 46
293 50
79 27
770 50
316 20
980 50
785 5
768 50
478 0
873 50
954 7
354 50
842 0
865 50
179 18
199 50
731 0
80 50
745 2
446 50
926 1
516 50
717 38
756 50
513 44
82 50
674 0
934 50
82 14
44 50
263 7
369 50
195 2
318 50
861 41
574 50
342 15
90 50
221 23
590 50
367 8
749 50
670 2
624 50
59 3
409 50
573 1
388 50
901 29
990 50
521 29
163 50
735 16
199 50
91 6
185 50
350 14
58 50
61 0
788 50
618 29
293 50
887 0
725 50
938 0
489 50
213 47
827 50
482 20
427 50
13 22
412 50
655 1
326 50
619 1
697 50
995 7
328 50
734 0
4 50
918 0
118 50
903 0
848 50
891 1
360 50
958 6
848 50
415 0
991 50
438 42
371 50
92 0
103 50
598 9
613 50
503 25
430 50
510 3
38 50
786 2
518 50
202 9
13 50
775 2
98 50
154 18
608 50
527 11
148 50
150 1
865 50
25 0
688 50
417 31
855 50
340 7
392 50
381 37
219 50
750 0
710 50
108 26
948 50
19 1
316 50
186 0
332 50
507 7
93 50
599 2
65 50
242 2
99 50
163 18
627 50
181 9
512 50
152 18
967 50
106 9
886 50
890 9
663 50
401 0
738 50
630 3
580 50
487 39
156 50
638 18
982 50
480 1
952 50
76 12
356 50
866 30
984 50
51 0
269 50
338 2
963 50
703 1
175 50
205 14
16 50
510 11
234 50
858 41
33 50
997 2
714 50
133 2
340 50
355 8
944 50
521 48
796 50
591 34
121 50
174 8
268 50
506 7
403 50
23 34
651 50
351 10
285 50
803 6
589 50
799 6
508 50
902 8
200 50
325 0
562 50
77 12
133 50
770 23
613 50
457 2
578 50
175 26
172 50
701 2
68 50
871 41
472 50
605 1
244 50
888 13
34 50
436 41
390 50
391 13
693 50
149 48
686 50
451 5
803 50
690 3
704 50
454 3
258 50
684 8
770 50
616 25
871 50
366 0
999 50
286 3
863 50
669 13
426 50
951 9
800 50
197 43
295 50
133 1
442 50
743 15
993 50
706 44
81 50
325 0
210 50
163 25
295 50
343 17
248 50
704 0
407 50
667 1
600 50
823 44
772 50
725 5
890 50
351 18
479 50
202 18
455 50
586 2
459 50
427 23
426 50
802 40
16 50
430 0
275 50
36 29
768 50
114 10
155 50
44 9
754 50
426 30
808 50
366 1
637 50
942 13
744 50
988 2
550 50
439 2
453 50
937 2
699 50
221 1
390 50
298 22
791 50
933 0
603 50
357 0
468 50
43 1
55 50
256 27
416 50
389 11
503 50
724 19
910 50
41 3
176 50
68 1
631 50
847 24
92 50
424 1
649 50
39 7
237 50
101 2
618 50
961 2
941 50
186 5
612 50
734 6
924 50
814 47
752 50
569 3
714 50
45 7
140 50
114 0
864 50
167 0
131 50
525 2
81 50
810 8
86 50
975 4
744 50
338 38
292 50
111 0
944 50
934 3
823 50
155 0
47 50
133 40
830 50
102 29
760 50
225 0
752 50
788 1
341 50
667 21
911 50
146 15
292 50
297 38
663 50
659 34
454 50
712 0
507 50
271 7
626 50
967 0
868 50
856 1
921 50
620 0
979 50
302 16
345 50
416 0
264 50
911 28
188 50
200 8
149 50
87 36
149 50
647 4
556 50
850 41
814 50
720 6
165 50
403 0
351 50
328 14
216 50
320 12
765 50
200 1
540 50
104 48
936 50
449 16
930 50
862 29
658 50
418 9
511 50
189 12
592 50
141 22
145 50
164 3
810 50
55 7
875 50
561 1
633 50
881 1
778 50
922 2
823 50
820 12
286 50
446 1
250 50
362 0
722 50
740 5
295 50
607 14
249 50
291 0
666 50
302 10
108 50
396 3
555 50
714 1
412 50
217 1
889 50
643 8
597 50
606 17
266 50
752 2
161 50
101 7
630 50
334 11
869 50
225 1
751 50
254 1
510 50
895 2
365 50
534 23
904 50
691 10
297 50
84 11
268 50
177 2
695 50
39 2
613 50
445 0
834 50
572 12
588 50
556 7
798 50
251 1
622 50
352 6
851 50
18 0
540 50
279 0
417 50
62 28
408 50
88 3
789 50
261 3
750 50
776 32
989 50
793 17
268 50
287 2
851 50
789 0
673 50
479 2
566 50
235 0
159 50
260 0
551 50
343 40
227 50
624 17
669 50
595 27
455 50
318 20
170 50
229 34
974 50
177 36
201 50
672 2
14 50
634 9
376 50
937 2
658 50
973 0
243 50
509 34
235 50
116 8
531 50
563 3
195 50
568 12
621 50
503 28
646 50
253 6
655 50
264 3
243 50
378 4
708 50
745 1
851 50
953 22
815 50
7 1
611 50
144 2
862 50
227 2
243 50
675 2
103 50
367 0
677 50
817 16
509 50
510 10
814 50
148 1
153 50
595 0
45 50
989 0
909 50
99 4
284 50
210 18
668 50
905 2
336 50
60 1
187 50
277 44
534 50
549 0
730 50
663 1
372 50
845 0
319 50
685 0
496 50
87 8
80 50
535 35
794 50
70 1
499 50
317 28
665 50
99 10
68 50
333 0
433 50
755 19
852 50
127 0
45 50
814 2
418 50
63 1
508 50
793 18
649 50
551 1
322 50
741 0
952 50
564 0
102 50
325 0
898 50
966 7
153 50
238 0
380 50
688 1
292 50
751 6
67 50
416 12
687 50
947 10
906 50
151 3
323 50
860 29
921 50
369 4
252 50
700 8
579 50
441 1
891 50
796 7
436 50
76 30
114 50
348 2
378 50
574 26
531 50
753 2
79 50
228 0
786 50
214 8
936 50
617 4
878 50
121 6
436 50
167 5
467 50
688 4
643 50
954 3
254 50
572 11
467 50
496 4
563 50
279 21
171 50
247 9
727 50
208 23
508 50
116 20
178 50
805 34
574 50
722 27
422 50
949 16
324 50
935 11
980 50
560 5
685 50
650 0
363 50
500 23
477 50
400 9
639 50
620 5
342 50
611 43
860 50
485 1
233 50
275 0
798 50
651 31
939 50
399 27
660 50
841 3
968 50
126 4
132 50
75 14
843 50
42 0
627 50
667 0
520 50
526 9
92 50
880 0
1000 50
464 4
718 50
798 5
846 50
323 5
567 50
938 1
521 50
170 0
625 50
738 7
650 50
329 4
687 50
498 2
945 50
665 2
19 50
1000 10
503 50
496 0
843 50
8 0
360 50
306 28
139 50
424 0
115 50
855 2
67 50
48 11
297 50
851 4
666 50
488 0
580 50
493 0
7 50
414 1
60 50
917 24
936 50
375 0
117 50
185 5
930 50
839 0
85 50
100 5
650 50
937 1
56 50
547 3
339 50
865 33
685 50
635 16
155 50
477 8
20 50
330 6
894 50
573 5
7 50
227 9
129 50
973 1
848 50
192 4
248 50
755 15
102 50
821 0
139 50
558 0
761 50
107 0
177 50
781 3
917 50
646 1
354 50
280 0
265 50
805 3
934 50
64 1
55 50
163 4
285 50
119 0
585 50
814 9
727 50
807 7
177 50
997 49
824 50
337 1
473 50
16 15
13 50
123 23
493 50
735 4
295 50
162 20
485 50
532 12
624 50
39 9
336 50
574 6
486 50
102 0
298 50
372 3
911 50
472 1
599 50
713 4
148 50
191 12
666 50
297 0
873 50
780 4
678 50
233 23
9 50
327 39
516 50
398 30
907 50
353 0
617 50
467 6
157 50
223 0
800 50
213 0
762 50
65 1
14 50
852 3
706 50
664 8
290 50
65 23
650 50
459 0
235 50
932 4
819 50
680 1
525 50
499 42
543 50
406 1
36 50
503 14
7 50
713 3
274 50
433 37
235 50
81 24
368 50
288 0
304 50
830 11
193 50
116 13
361 50
189 22
997 50
655 9
800 50
552 1
16 50
849 0
609 50
886 2
809 50
428 4
494 50
167 28
113 50
843 49
980 50
847 5
180 50
148 0
796 50
507 2
785 50
319 1
298 50
957 2
826 50
996 5
124 50
45 7
639 50
96 0
137 50
750 5
149 50
893 34
900 50
41 12
794 50
516 3
80 50
227 10
306 50
743 3
631 50
182 20
831 50
359 1
603 50
266 26
35 50
121 11
461 50
248 1
897 50
727 0
369 50
704 2
86 50
591 3
332 50
252 5
433 50
800 0
124 50
615 1
52 50
421 5
304 50
541 1
856 50
745 19
544 50
716 11
677 50
420 6
545 50
655 29
267 50
287 1
903 50
348 1
433 50
115 8
11 50
362 43
775 50
240 33
292 50
407 6
162 50
248 12
259 50
688 0
94 50
35 9
806 50
164 5
145 50
711 1
536 50
729 5
553 50
615 48
894 50
478 8
47 50
515 7
999 50
278 19
807 50
281 14
196 50
582 4
782 50
546 0
675 50
844 0
740 50
26 8
230 50
722 20
270 50
150 0
372 50
419 3
573 50
513 0
865 50
878 1
932 50
522 0
22 50
759 9
956 50
973 0
253 50
810 45
856 50
121 1
348 50
254 13
831 50
13 3
835 50
20 1
503 50
614 11
950 50
315 1
935 50
204 0
417 50
782 11
585 50
160 3
865 50
937 1
621 50
911 0
705 50
562 20
811 50
732 12
757 50
322 35
831 50
801 7
422 50
868 13
528 50
423 17
436 50
282 2
629 50
146 0
112 50
400 0
868 50
580 4
520 50
839 3
997 50
747 5
754 50
870 4
985 50
260 0
877 50
908 10
158 50
318 24
273 50
930 6
54 50
316 4
753 50
934 24
243 50
428 0
318 50
96 14
373 50
988 26
577 50
917 8
989 50
703 1
935 50
295 1
204 50
301 17
453 50
686 3
967 50
929 21
18 50
780 0
654 50
154 7
13 50
463 46
781 50
900 30
43 50
361 39
171 50
482 0
325 50
684 17
453 50
427 16
575 50
135 0
190 50
205 5
614 50
321 18
417 50
970 1
650 50
234 0
797 50
734 1
110 50
377 0
651 50
450 37
229 50
499 28
55 50
473 2
698 50
718 24
834 50
808 1
75 50
187 6
49 50
37 23
378 50
296 38
900 50
991 0
981 50
349 14
546 50
731 0
134 50
250 0
29 50
170 0
867 50
996 23
800 50
240 6
975 50
139 1
600 50
119 1
94 50
103 10
762 50
911 23
400 50
290 12
76 50
545 2
763 50
442 6
928 50
363 0
470 50
878 4
497 50
597 1
154 50
253 3
304 50
852 40
364 50
180 29
163 50
368 35
375 50
290 9
363 50
856 1
403 50
32 0
942 50
214 36
832 50
202 1
439 50
133 2
914 50
897 33
658 50
710 5
431 50
456 30
998 50
788 9
554 50
511 26
137 50
453 2
369 50
355 4
831 50
624 7
84 50
216 0
880 50
65 9
32 50
413 22
540 50
599 20
214 50
467 6
354 50
159 2
229 50
768 27
901 50
672 6
418 50
795 17
419 50
759 2
546 50
75 0
307 50
718 20
41 50
472 2
300 50
862 9
78 50
816 24
439 50
844 42
984 50
993 9
267 50
484 31
521 50
169 24
499 50
970 2
137 50
190 28
134 50
264 3
858 50
419 3
394 50
840 0
228 50
149 0
863 50
49 0
542 50
243 1
965 50
617 2
782 50
282 1
953 50
127 7
195 50
440 28
981 50
657 2
419 50
124 14
412 50
97 33
333 50
992 35
352 50
258 5
176 50
573 17
238 50
953 35
896 50
639 14
894 50
164 7
619 50
241 0
59 50
213 2
574 50
996 3
443 50
299 1
662 50
770 3
991 50
223 1
851 50
190 0
298 50
989 47
928 50
786 1
1 50
367 5
127 50
166 0
896 50
509 6
358 50
666 34
514 50
576 0
419 50
134 3
543 50
754 2
809 50
299 9
551 50
985 3
575 50
746 0
157 50
676 10
345 50
50 6
372 50
469 25
522 50
13 5
348 50
920 1
58 50
176 2
834 50
581 5
410 50
646 37
147 50
665 16
718 50
257 1
50 50
780 20
686 50
819 11
629 50
442 6
787 50
12 13
954 50
716 33
769 50
103 41
457 50
194 16
36 50
581 6
488 50
663 12
402 50
824 10
650 50
352 1
349 50
399 1
581 50
593 2
201 50
275 10
152 50
775 41
426 50
317 3
396 50
341 24
820 50
642 0
343 50
755 9
521 50
290 4
236 50
205 5
434 50
326 2
838 50
829 4
66 50
222 46
906 50
454 42
302 50
793 2
883 50
684 14
619 50
923 6
66 50
659 1
408 50
911 12
286 50
516 20
471 50
360 39
616 50
441 8
775 50
30 18
363 50
284 13
329 50
845 48
706 50
907 2
19 50
218 7
148 50
435 13
877 50
216 2
201 50
847 0
706 50
941 0
94 50
483 2
23 50
95 6
96 50
105 10
488 50
646 22
155 50
249 0
15 50
198 0
116 50
967 0
948 50
17 23
81 50
51 39
84 50
418 5
68 50
765 3
63 50
39 8
417 50
276 17
848 50
246 10
627 50
507 12
144 50
46 37
603 50
84 36
108 50
269 3
901 50
539 5
437 50
555 41
576 50
76 0
613 50
457 23
550 50
951 34
764 50
230 8
416 50
489 42
350 50
363 12
250 50
491 0
19 50
95 32
69 50
462 13
511 50
955 2
328 50
959 7
163 50
79 14
599 50
263 31
494 50
490 0
272 50
680 25
771 50
592 47
170 50
283 1
572 50
637 0
264 50
775 12
275 50
177 2
110 50
571 0
754 50
99 0
609 50
323 1
71 50
332 7
286 50
625 14
140 50
2 1
631 50
731 8
702 50
578 4
355 50
210 11
998 50
543 0
1 50
798 41
116 50
506 13
578 50
15 1
398 50
860 4
190 50
7 1
836 50
996 1
939 50
184 34
650 50
6 9
1 50
307 48
129 50
948 18
451 50
587 5
507 50
815 8
327 50
558 2
757 50
84 5
893 50
828 41
161 50
784 4
247 50
157 31
730 50
657 8
749 50
406 1
624 50
930 7
993 50
605 18
697 50
819 0
382 50
801 5
874 50
870 16
58 50
596 16
873 50
119 0
284 50
428 10
934 50
411 4
502 50
215 1
58 50
279 3
356 50
709 2
457 50
888 1
208 50
612 18
794 50
83 19
763 50
719 25
859 50
618 0
967 50
288 48
527 50
680 2
453 50
451 18
957 50
407 0
481 50
957 9
517 50
385 33
511 50
762 46
49 50
83 0
213 50
492 2
129 50
349 18
143 50
803 2
889 50
602 0
563 50
513 0
390 50
9 40
587 50
16 25
12 50
414 37
711 50
976 21
695 50
951 33
448 50
254 0
253 50
619 3
791 50
371 36
86 50
6 27
236 50
573 0
302 50
592 8
385 50
262 0
108 50
43 0
118 50
253 49
277 50
568 9
536 50
684 4
97 50
375 0
356 50
370 36
108 50
50 1
265 50
155 4
261 50
946 0
541 50
697 3
159 50
13 6
385 50
942 8
783 50
944 0
913 50
884 1
329 50
783 12
490 50
522 4
734 50
346 5
510 50
370 2
238 50
615 0
638 50
252 1
206 50
816 9
901 50
691 48
352 50
88 1
314 50
857 0
100 50
124 1
692 50
931 12
396 50
888 0
288 50
566 1
365 50
226 26
413 50
661 5
860 50
706 19
678 50
625 7
403 50
382 46
288 50
2 5
481 50
736 1
571 50
855 30
848 50
790 18
260 50
402 6
569 50
676 10
795 50
720 22
583 50
233 0
852 50
818 2
71 50
392 19
745 50
832 0
568 50
623 4
768 50
951 4
618 50
907 20
453 50
624 7
685 50
91 0
57 50
739 0
392 50
919 18
831 50
13 4
906 50
333 0
50 50
877 27
572 50
528 4
563 50
967 9
169 50
204 0
331 50
158 8
196 50
807 4
204 50
397 11
798 50
243 29
536 50
858 25
767 50
879 42
806 50
39 21
847 50
818 5
42 50
212 0
487 50
895 5
144 50
29 5
375 50
272 11
365 50
581 19
674 50
520 0
527 50
774 1
156 50
831 10
169 50
270 19
974 50
768 27
841 50
491 13
480 50
816 6
941 50
372 43
733 50
952 20
424 50
293 2
676 50
607 5
145 50
372 4
999 50
962 4
605 50
965 1
419 50
585 13
683 50
432 13
911 50
975 0
632 50
707 10
973 50
133 27
645 50
985 24
784 50
623 47
837 50
449 2
513 50
681 25
309 50
581 49
728 50
977 27
986 50
153 0
464 50
950 2
925 50
323 45
405 50
437 0
654 50
708 46
47 50
621 23
772 50
317 0
702 50
647 0
684 50
94 10
229 50
802 5
573 50
230 7
540 50
182 0
753 50
686 3
629 50
609 3
207 50
732 2
803 50
917 18
210 50
402 2
61 50
304 2
965 50
527 10
403 50
545 35
602 50
179 7
712 50
452 1
591 50
619 38
690 50
244 6
27 50
693 0
472 50
864 10
281 50
19 0
911 50
473 17
891 50
370 38
375 50
323 12
115 50
47 0
295 50
600 40
920 50
135 2
399 50
153 13
313 50
871 22
276 50
107 22
679 50
463 6
895 50
100 2
499 50
961 46
710 50
784 30
514 50
135 0
705 50
291 29
744 50
968 1
137 50
561 1
273 50
482 7
865 50
19 47
327 50
485 1
497 50
539 9
715 50
575 0
544 50
60 6
846 50
947 17
107 50
356 2
333 50
256 19
489 50
814 0
319 50
