1000 1000
749 365
644 283
985 418
458 475
310 375
260 250
970 228
177 10
563 422
975 88
501 823
629 500
40 76
907 324
293 483
424 214
418 92
180 125
348 663
904 854
317 966
250 364
327 860
293 960
720 127
721 565
94 362
22 627
332 375
95 418
749 147
837 562
56 497
481 752
757 283
7 763
616 974
375 848
779 262
933 235
449 482
947 463
456 121
710 624
686 486
326 102
664 896
458 125
454 236
380 771
723 239
152 314
828 94
43 903
847 529
537 705
558 416
367 606
612 988
147 546
431 225
577 714
223 138
719 568
509 974
235 455
15 882
635 970
916 31
494 1000
611 685
761 595
337 864
524 553
74 314
774 802
999 257
350 92
401 746
500 211
61 222
8 348
193 28
505 620
782 104
336 813
870 146
710 17
407 610
562 66
913 611
944 457
693 21
287 45
127 751
898 422
285 268
257 266
304 654
488 200
202 873
705 52
520 793
702 435
35 982
689 479
458 87
295 388
762 733
858 652
656 577
223 993
838 945
840 993
188 199
530 302
593 978
105 166
642 433
42 664
195 853
713 25
60 343
613 366
93 690
833 195
269 417
468 835
943 932
515 512
478 959
558 406
547 908
872 571
180 803
714 178
431 406
507 744
96 442
897 46
447 266
347 760
965 550
146 677
769 685
572 385
62 231
947 39
63 390
942 187
797 797
687 31
768 370
309 412
965 144
898 899
759 616
600 868
609 489
143 671
891 973
666 602
851 238
755 922
477 232
316 437
182 9
607 168
566 551
192 4
92 601
50 822
606 201
927 543
249 672
405 785
758 339
749 660
14 60
789 592
839 555
592 947
815 959
108 885
592 303
525 769
925 662
1000 295
972 31
962 81
260 701
250 411
457 943
909 790
510 545
73 470
299 790
435 147
431 93
37 597
791 754
810 228
935 334
844 686
712 425
400 746
275 871
288 988
21 185
298 266
860 934
543 103
953 146
878 670
326 789
689 842
746 110
617 99
618 858
198 947
859 16
305 537
949 407
270 150
818 314
132 22
767 626
887 154
770 909
248 884
517 886
578 42
682 661
344 838
728 329
286 917
316 979
341 727
195 924
700 343
159 121
763 803
800 486
9 638
589 913
776 428
348 81
431 206
462 703
225 407
574 843
156 325
164 802
237 788
253 38
529 904
765 943
71 321
247 537
493 924
963 533
688 144
114 69
424 462
591 842
91 804
959 888
232 715
354 285
551 464
546 758
159 520
459 426
304 24
419 499
907 804
780 226
879 678
976 170
949 593
285 536
373 694
473 881
922 55
15 773
676 3
130 483
741 1
242 764
311 96
189 252
499 886
871 223
772 343
45 704
614 433
327 248
33 13
732 165
387 897
914 385
372 852
246 613
339 41
753 229
2 992
684 605
38 665
941 604
929 259
226 848
475 4
213 755
702 969
377 781
929 912
692 857
696 732
694 940
1 690
273 635
122 137
521 61
434 991
333 690
437 978
983 241
572 147
777 144
4 738
304 463
605 126
933 702
70 100
297 185
992 346
25 576
16 460
643 820
352 366
336 415
752 627
731 452
393 358
560 583
235 231
432 341
688 985
324 207
984 145
904 995
22 297
338 260
858 854
483 707
673 343
110 494
930 463
982 976
642 949
213 248
451 98
242 471
896 986
962 740
524 334
618 482
788 721
180 365
658 258
265 545
955 666
918 948
323 855
969 237
472 887
790 164
612 257
701 371
399 280
886 750
612 330
104 151
898 840
694 725
255 39
236 14
976 663
504 347
420 64
252 355
481 262
523 362
206 597
802 723
580 141
241 460
999 300
514 433
481 840
665 876
88 604
132 27
495 245
949 570
3 165
342 611
791 744
749 955
858 509
96 134
574 191
810 638
269 917
23 456
343 415
52 736
663 98
19 423
487 517
277 41
457 429
80 212
664 662
980 133
486 123
856 141
431 176
554 133
605 357
599 45
742 990
384 235
851 633
446 434
842 631
847 33
999 399
330 294
350 696
135 866
611 301
914 975
414 190
73 567
257 996
236 183
684 500
437 148
588 57
992 525
967 395
500 57
443 588
674 458
847 877
7 666
354 412
125 28
3 753
606 415
608 481
179 14
859 843
322 492
410 25
22 782
414 201
412 241
670 244
795 927
301 359
795 355
897 328
834 389
430 667
802 922
802 966
471 379
402 961
559 666
149 858
163 760
791 864
934 954
929 655
91 925
607 948
108 607
26 121
712 72
71 690
716 114
119 569
405 581
201 687
77 542
773 149
829 936
314 18
290 179
995 309
523 764
877 37
425 566
356 902
152 488
54 864
277 630
672 147
304 548
824 509
444 608
546 760
925 720
719 413
649 676
779 429
770 525
134 370
171 526
334 985
105 42
955 419
820 886
403 828
46 673
54 963
403 897
869 987
914 679
958 458
283 518
795 280
609 679
924 578
874 489
10 720
780 768
566 403
858 843
89 476
231 274
661 9
803 216
436 936
284 845
664 145
639 552
82 558
767 859
470 183
237 838
495 892
176 625
896 754
7 772
107 154
789 834
92 958
667 221
776 141
781 411
683 817
806 474
48 231
69 160
981 519
604 734
733 93
782 805
399 527
58 258
127 967
597 526
12 707
660 577
786 412
402 496
616 244
511 524
469 539
522 606
575 347
193 880
804 347
878 125
516 129
211 195
190 755
633 456
67 576
854 27
656 59
710 149
208 240
123 951
881 153
999 613
125 243
929 292
84 717
303 864
600 857
771 257
705 94
593 655
354 701
960 627
948 363
519 344
953 814
953 154
724 787
860 62
719 439
79 298
13 236
850 462
521 359
754 428
839 528
733 315
649 874
331 978
52 107
669 523
565 22
186 470
734 119
184 760
125 750
81 539
167 672
406 56
833 403
511 538
895 873
332 861
249 470
494 223
194 581
793 750
202 575
878 386
247 566
684 675
96 650
15 430
186 297
580 941
534 876
571 661
243 680
158 340
360 522
849 586
893 271
243 551
242 539
260 398
967 584
487 240
598 193
138 468
775 887
771 109
378 20
870 716
386 238
772 264
176 878
206 68
341 706
466 384
508 96
205 314
359 292
586 510
281 324
810 691
4 185
636 481
28 729
751 168
588 339
526 306
103 42
779 516
489 382
399 632
40 87
992 255
789 620
156 541
543 339
566 453
546 441
159 136
900 716
894 24
248 511
259 65
231 638
656 18
659 531
465 608
862 632
310 884
691 694
238 14
698 653
583 882
602 637
43 618
858 117
460 604
832 249
372 605
630 641
334 510
2 656
417 783
677 811
718 177
327 683
824 304
577 572
676 720
738 262
785 863
214 883
713 308
171 91
520 383
358 149
253 9
502 231
31 93
407 519
417 655
27 954
697 251
155 214
606 953
124 540
904 272
496 88
556 545
394 539
616 550
382 840
420 770
743 230
802 634
955 6
551 149
21 381
970 552
930 892
468 645
758 430
177 172
216 226
70 802
227 66
131 418
654 587
555 898
374 830
554 199
906 942
135 571
303 339
938 134
77 966
535 938
706 398
939 284
566 842
206 880
999 416
26 764
110 78
252 271
873 783
600 971
826 816
826 842
232 171
226 853
756 683
255 986
631 642
247 23
954 904
93 354
102 68
821 522
598 352
509 620
857 504
44 367
732 3
919 961
767 726
713 261
39 949
411 788
29 99
252 269
772 195
731 648
529 8
523 559
718 106
198 446
471 683
13 425
624 769
423 472
934 124
840 767
518 250
731 353
996 209
59 294
93 389
295 194
102 186
701 664
518 157
136 799
457 278
660 419
183 192
145 767
356 916
766 546
465 659
353 536
924 379
332 67
739 44
601 273
478 59
642 327
494 903
10 806
160 914
392 781
303 10
374 479
721 928
444 399
369 440
514 737
109 59
526 715
448 73
571 172
682 587
195 195
126 864
149 139
525 559
642 333
98 77
269 319
85 22
386 52
164 905
401 132
607 895
818 830
938 740
602 795
265 698
999 844
342 218
57 15
791 76
170 133
662 833
631 312
569 959
55 235
771 21
300 746
610 272
943 165
915 197
665 519
146 823
183 315
519 956
341 961
565 139
919 165
773 376
668 560
123 75
244 996
558 878
443 378
142 614
894 631
993 948
438 870
847 132
666 39
15 725
322 817
521 618
162 803
422 384
459 410
68 906
1000 918
878 146
167 141
59 313
222 604
774 384
473 851
951 63
625 144
408 526
887 735
698 426
962 889
816 195
29 51
20 724
164 673
225 154
752 457
514 960
200 620
609 482
195 307
874 257
28 687
952 247
405 644
664 675
103 654
149 959
273 989
196 840
831 933
153 582
349 297
793 956
428 144
226 874
971 864
399 626
866 883
121 591
348 783
123 213
699 563
524 485
728 503
410 999
354 530
589 693
751 170
17 669
225 336
641 776
811 761
608 49
620 180
137 920
595 241
611 927
812 703
797 932
105 953
544 985
877 689
980 945
157 438
139 435
472 282
550 59
824 943
948 912
97 651
138 712
898 113
728 675
602 394
504 582
989 476
844 550
335 98
456 72
5000
700 8
406 89
304 25
232 89
645 0
836 89
164 0
869 89
63 27
11 89
954 65
39 89
511 17
486 89
933 35
601 89
55 81
856 89
920 23
907 89
3 3
55 89
201 0
294 89
129 16
642 89
543 55
551 89
9 9
967 89
556 13
904 89
507 0
17 89
600 34
742 89
974 20
421 89
722 0
872 89
126 10
252 89
451 47
614 89
810 0
693 89
297 19
521 89
497 0
35 89
255 0
263 89
328 47
772 89
317 15
642 89
375 12
509 89
640 4
197 89
117 0
58 89
908 23
908 89
27 10
4 89
642 17
413 89
556 1
721 89
179 63
317 89
226 1
550 89
358 3
975 89
568 75
700 89
240 8
998 89
449 15
829 89
883 11
376 89
267 1
81 89
171 3
865 89
96 7
481 89
855 0
243 89
182 50
985 89
983 0
23 89
671 39
549 89
150 2
648 89
753 53
23 89
53 17
632 89
135 9
624 89
362 17
612 89
316 69
977 89
243 22
267 89
898 8
621 89
236 13
354 89
270 0
3 89
136 5
968 89
599 35
133 89
771 8
186 89
342 61
946 89
780 1
619 89
880 85
363 89
666 38
520 89
407 1
336 89
934 17
779 89
30 41
273 89
31 1
680 89
793 1
923 89
639 0
907 89
695 25
274 89
65 22
40 89
181 78
315 89
309 1
488 89
893 46
464 89
954 73
718 89
160 66
708 89
106 3
788 89
27 9
590 89
622 57
907 89
899 0
289 89
783 50
402 89
483 21
744 89
411 27
751 89
306 3
842 89
147 75
897 89
306 0
571 89
649 1
69 89
987 0
591 89
641 0
629 89
144 20
712 89
20 8
473 89
376 86
46 89
177 8
932 89
785 0
709 89
776 0
929 89
431 0
882 89
901 3
950 89
745 36
709 89
5 15
402 89
713 4
845 89
151 0
833 89
567 22
46 89
164 4
84 89
410 18
271 89
378 9
546 89
24 54
188 89
608 0
88 89
192 5
39 89
214 1
215 89
567 6
973 89
888 0
784 89
318 9
314 89
72 2
900 89
643 68
862 89
372 4
742 89
250 5
218 89
298 2
284 89
41 14
732 89
583 0
96 89
893 2
97 89
199 15
258 89
402 14
181 89
748 62
484 89
27 24
350 89
498 2
152 89
200 1
479 89
549 3
792 89
203 48
655 89
1000 49
111 89
188 29
289 89
800 0
389 89
744 32
96 89
402 10
247 89
466 79
218 89
818 65
236 89
889 60
252 89
888 0
848 89
1 2
392 89
305 57
624 89
341 3
522 89
891 87
825 89
981 46
978 89
924 3
390 89
417 19
753 89
370 2
504 89
471 22
519 89
278 9
762 89
974 16
135 89
120 50
499 89
583 2
168 89
924 30
971 89
910 6
799 89
467 13
838 89
311 8
540 89
340 75
569 89
151 24
490 89
48 8
246 89
507 13
332 89
127 41
645 89
196 0
671 89
598 1
428 89
183 50
510 89
264 40
208 89
655 0
414 89
80 73
589 89
952 0
846 89
5 76
768 89
290 1
818 89
335 24
553 89
184 0
338 89
325 6
528 89
559 82
877 89
320 2
337 89
115 0
100 89
115 5
847 89
37 8
520 89
498 0
174 89
599 61
166 89
954 22
915 89
189 23
571 89
100 5
654 89
643 58
161 89
42 50
238 89
462 69
306 89
476 28
938 89
349 41
854 89
738 8
545 89
29 65
738 89
658 7
222 89
18 19
602 89
367 33
495 89
920 0
203 89
815 85
192 89
401 50
932 89
429 35
965 89
565 82
709 89
241 1
107 89
585 4
433 89
643 1
264 89
253 29
321 89
360 55
709 89
940 1
426 89
508 5
926 89
686 53
928 89
286 1
511 89
515 20
820 89
19 1
353 89
361 37
550 89
35 0
757 89
970 0
8 89
15 1
697 89
728 16
605 89
558 55
62 89
558 14
437 89
408 1
752 89
939 53
179 89
779 17
781 89
310 13
323 89
144 0
619 89
292 11
6 89
298 0
824 89
511 42
609 89
534 17
199 89
393 0
617 89
452 81
808 89
828 0
482 89
959 10
618 89
482 32
303 89
468 4
482 89
781 8
931 89
294 4
387 89
691 15
832 89
123 1
948 89
254 40
889 89
414 0
875 89
379 58
675 89
636 1
76 89
115 53
65 89
70 14
653 89
701 1
35 89
538 3
685 89
306 1
928 89
332 35
67 89
6 24
28 89
647 37
306 89
128 4
940 89
133 16
683 89
239 1
304 89
376 27
711 89
64 2
442 89
13 27
697 89
693 0
382 89
461 2
765 89
385 9
658 89
226 0
157 89
831 2
3 89
757 24
38 89
454 0
153 89
702 2
592 89
535 46
619 89
481 2
665 89
187 0
278 89
925 17
810 89
251 14
289 89
463 87
791 89
350 23
255 89
163 14
895 89
485 1
294 89
587 0
495 89
84 1
444 89
106 70
803 89
946 0
495 89
250 33
582 89
173 34
564 89
35 0
147 89
559 9
202 89
655 0
706 89
313 3
831 89
275 3
277 89
994 11
595 89
714 5
656 89
492 87
76 89
592 7
609 89
567 1
594 89
549 35
260 89
271 1
197 89
757 24
81 89
952 1
471 89
961 20
993 89
888 2
536 89
66 47
238 89
970 61
793 89
833 56
344 89
613 8
623 89
608 0
53 89
550 2
580 89
437 19
109 89
532 1
419 89
363 9
130 89
133 0
297 89
651 4
504 89
749 0
316 89
841 8
171 89
950 13
938 89
625 5
353 89
916 78
156 89
43 5
519 89
348 59
966 89
630 28
319 89
769 13
486 89
761 7
791 89
106 6
219 89
457 78
201 89
89 2
385 89
387 23
884 89
442 0
242 89
490 17
797 89
426 2
729 89
541 12
227 89
518 11
927 89
513 2
441 89
978 15
56 89
252 41
70 89
854 75
297 89
908 26
944 89
793 13
33 89
126 0
644 89
475 0
615 89
85 6
895 89
183 0
109 89
951 1
955 89
641 3
140 89
707 9
39 89
832 0
258 89
929 29
900 89
539 19
861 89
799 0
557 89
959 3
81 89
300 6
928 89
147 87
496 89
754 23
935 89
79 2
960 89
159 9
561 89
681 1
599 89
486 12
513 89
593 2
664 89
461 14
442 89
358 0
870 89
579 1
65 89
338 5
367 89
172 23
162 89
953 14
762 89
540 26
503 89
420 4
968 89
178 4
62 89
440 2
547 89
385 17
392 89
391 66
322 89
369 1
727 89
650 0
635 89
358 7
795 89
465 49
655 89
581 11
140 89
915 49
687 89
699 24
309 89
283 37
758 89
900 4
984 89
809 0
854 89
197 8
642 89
733 0
243 89
5 33
509 89
855 1
144 89
278 75
853 89
220 8
829 89
677 0
234 89
327 23
489 89
129 3
649 89
818 12
737 89
366 70
899 89
84 13
358 89
177 2
23 89
655 0
510 89
881 3
1000 89
487 7
463 89
923 3
418 89
221 6
361 89
861 3
816 89
570 4
831 89
849 62
352 89
1 1
522 89
632 53
453 89
667 0
368 89
496 34
507 89
848 4
679 89
703 2
379 89
211 78
139 89
940 7
25 89
215 21
55 89
689 1
189 89
823 1
230 89
387 3
641 89
288 20
913 89
920 11
632 89
485 1
670 89
816 85
870 89
169 11
47 89
467 23
236 89
922 63
592 89
697 2
783 89
893 5
797 89
446 1
335 89
667 20
299 89
244 0
831 89
952 49
239 89
307 43
931 89
322 0
472 89
221 0
778 89
399 3
691 89
502 1
930 89
667 0
613 89
411 1
225 89
678 1
882 89
619 0
288 89
159 1
31 89
116 4
919 89
117 0
405 89
555 18
601 89
440 1
406 89
270 23
100 89
668 4
837 89
104 0
828 89
685 5
861 89
920 0
704 89
910 10
428 89
60 15
591 89
943 0
706 89
512 20
988 89
523 18
851 89
785 6
837 89
548 5
708 89
183 2
677 89
26 8
404 89
301 7
453 89
579 7
155 89
570 0
690 89
967 6
849 89
196 29
924 89
625 0
788 89
979 0
295 89
816 61
941 89
163 0
628 89
347 15
461 89
552 21
146 89
333 10
794 89
675 18
774 89
189 10
702 89
586 0
965 89
832 51
194 89
635 14
590 89
98 1
274 89
432 25
716 89
610 10
242 89
129 2
525 89
163 37
340 89
565 4
642 89
504 3
491 89
930 5
308 89
716 57
293 89
416 3
246 89
581 0
164 89
295 2
318 89
556 11
357 89
331 0
514 89
665 0
877 89
323 10
422 89
877 5
264 89
318 10
535 89
666 5
85 89
3 34
258 89
605 43
899 89
421 2
570 89
113 29
231 89
630 64
600 89
507 2
120 89
583 32
291 89
647 0
705 89
550 33
464 89
861 11
646 89
489 13
239 89
633 4
165 89
693 25
361 89
569 2
933 89
467 2
795 89
937 36
155 89
388 62
751 89
602 1
585 89
769 5
308 89
750 2
103 89
360 0
469 89
716 3
877 89
101 17
652 89
334 0
352 89
837 3
39 89
35 10
83 89
796 13
527 89
106 38
441 89
160 43
338 89
504 2
904 89
406 27
270 89
642 6
675 89
288 33
527 89
669 28
389 89
754 3
554 89
778 47
747 89
710 0
925 89
234 33
508 89
649 5
501 89
156 21
439 89
869 23
758 89
16 2
688 89
858 22
453 89
471 12
807 89
275 2
92 89
821 26
217 89
246 5
761 89
472 54
147 89
681 11
220 89
9 1
542 89
501 11
984 89
871 1
400 89
671 10
851 89
136 1
547 89
514 27
951 89
165 0
535 89
124 0
671 89
40 2
758 89
754 2
371 89
956 0
383 89
20 6
457 89
988 0
997 89
659 11
535 89
183 3
794 89
19 29
633 89
497 29
258 89
634 0
320 89
538 34
270 89
770 18
914 89
433 0
882 89
726 56
190 89
628 0
110 89
432 45
831 89
693 11
675 89
708 69
901 89
843 0
976 89
484 1
653 89
247 1
596 89
10 30
4 89
504 9
232 89
144 24
490 89
200 1
873 89
641 72
533 89
405 7
277 89
975 0
461 89
359 12
32 89
196 0
158 89
923 1
746 89
506 37
432 89
899 11
974 89
526 30
286 89
600 42
56 89
64 0
499 89
514 76
566 89
964 1
11 89
40 25
835 89
340 48
257 89
737 19
138 89
471 1
291 89
971 16
651 89
900 7
272 89
662 6
211 89
621 71
441 89
222 3
971 89
680 34
940 89
740 0
246 89
968 37
305 89
789 52
823 89
608 76
309 89
823 13
720 89
527 1
654 89
713 6
410 89
625 1
898 89
960 7
804 89
284 23
244 89
198 54
302 89
409 49
5 89
121 43
2 89
222 21
489 89
616 0
1 89
744 4
80 89
444 41
115 89
184 6
401 89
734 2
180 89
546 1
575 89
617 22
346 89
810 5
809 89
591 6
637 89
268 6
159 89
310 0
614 89
814 1
547 89
963 0
335 89
515 82
863 89
67 3
797 89
510 22
371 89
796 0
33 89
691 2
118 89
438 0
531 89
85 21
432 89
429 24
333 89
566 55
556 89
107 1
108 89
236 1
879 89
707 8
898 89
308 33
860 89
40 62
582 89
510 36
683 89
411 46
573 89
595 19
809 89
743 18
699 89
798 36
665 89
948 1
531 89
775 10
688 89
940 5
821 89
15 18
963 89
134 4
770 89
980 25
262 89
953 0
179 89
980 0
850 89
442 2
257 89
689 67
411 89
335 3
828 89
970 6
984 89
947 0
605 89
751 1
551 89
448 14
658 89
99 19
606 89
900 10
518 89
723 1
243 89
106 29
217 89
188 53
243 89
659 23
857 89
696 42
513 89
853 6
688 89
569 4
45 89
22 6
592 89
857 16
104 89
232 3
247 89
80 1
613 89
748 2
551 89
486 54
666 89
432 79
841 89
964 1
445 89
783 30
785 89
405 2
408 89
458 4
292 89
756 21
804 89
352 8
747 89
364 8
760 89
299 1
312 89
627 53
485 89
362 0
734 89
204 0
861 89
972 11
413 89
689 5
155 89
363 12
571 89
72 0
823 89
651 3
145 89
226 35
969 89
479 8
562 89
902 9
203 89
32 1
712 89
853 14
745 89
687 11
812 89
197 3
302 89
860 1
28 89
632 72
26 89
425 0
139 89
505 68
597 89
760 1
790 89
506 11
375 89
457 17
999 89
755 15
64 89
284 0
486 89
825 75
21 89
448 5
890 89
316 16
400 89
270 14
985 89
590 20
412 89
251 19
790 89
260 37
37 89
13 13
401 89
966 8
570 89
511 31
789 89
517 6
436 89
582 26
562 89
475 2
963 89
34 16
713 89
662 21
96 89
486 54
553 89
795 6
788 89
709 0
54 89
766 11
968 89
472 1
983 89
871 71
834 89
32 7
446 89
989 11
129 89
585 4
872 89
286 8
198 89
541 9
868 89
426 0
461 89
657 53
837 89
211 27
667 89
98 60
810 89
401 12
115 89
980 2
401 89
85 22
90 89
896 15
727 89
899 84
903 89
153 21
842 89
686 23
628 89
240 3
715 89
482 24
917 89
882 45
510 89
351 2
1 89
280 1
126 89
741 1
841 89
796 9
489 89
209 1
201 89
794 0
809 89
33 3
250 89
808 58
588 89
311 3
664 89
621 0
98 89
490 17
48 89
491 0
792 89
787 70
62 89
295 1
606 89
785 4
971 89
603 8
68 89
534 80
903 89
458 7
322 89
437 9
286 89
386 7
659 89
140 3
840 89
310 13
947 89
911 1
162 89
87 13
922 89
47 3
619 89
79 70
87 89
881 26
239 89
386 0
905 89
659 25
643 89
575 12
404 89
872 52
919 89
503 0
807 89
427 51
875 89
223 1
128 89
626 3
860 89
215 5
132 89
59 3
475 89
785 0
464 89
417 20
325 89
362 3
289 89
341 14
628 89
249 52
477 89
889 2
501 89
816 2
386 89
824 9
798 89
316 0
972 89
551 2
428 89
74 0
408 89
206 32
991 89
728 63
262 89
995 82
513 89
452 40
928 89
380 35
598 89
742 26
432 89
799 5
479 89
293 86
97 89
312 1
312 89
805 78
283 89
936 7
734 89
753 72
164 89
574 15
538 89
520 50
567 89
829 16
261 89
134 3
404 89
908 4
255 89
586 51
931 89
102 0
589 89
709 24
521 89
640 15
819 89
464 9
656 89
607 0
521 89
11 3
408 89
54 49
289 89
247 4
960 89
725 0
997 89
984 52
574 89
887 8
65 89
551 66
825 89
816 6
796 89
814 0
324 89
198 21
813 89
759 52
431 89
195 3
125 89
558 15
733 89
772 16
230 89
122 60
657 89
600 0
728 89
871 41
845 89
847 1
305 89
114 2
539 89
375 77
797 89
471 2
173 89
247 1
743 89
651 3
284 89
704 80
317 89
614 3
53 89
642 3
13 89
10 1
352 89
736 0
132 89
352 6
410 89
481 62
617 89
63 30
193 89
649 10
270 89
971 7
801 89
218 0
917 89
272 30
530 89
93 0
913 89
498 27
114 89
399 15
472 89
232 0
741 89
596 20
298 89
456 15
352 89
7 58
690 89
959 3
718 89
76 7
652 89
448 2
256 89
604 1
215 89
258 1
79 89
642 3
270 89
979 28
496 89
453 2
311 89
973 12
62 89
614 0
379 89
563 54
507 89
173 0
581 89
623 15
932 89
179 10
928 89
671 48
147 89
772 10
454 89
599 0
423 89
199 13
208 89
23 5
341 89
861 0
67 89
662 17
947 89
384 35
627 89
115 7
500 89
664 11
826 89
836 1
852 89
801 84
776 89
830 8
631 89
697 10
513 89
902 3
663 89
932 6
856 89
823 1
972 89
961 0
213 89
359 3
299 89
16 17
700 89
834 0
170 89
147 15
313 89
965 3
754 89
508 5
929 89
436 18
786 89
762 1
241 89
975 8
276 89
549 74
514 89
253 2
765 89
297 73
953 89
638 37
487 89
957 15
325 89
922 0
948 89
811 4
921 89
849 31
391 89
877 9
315 89
267 2
884 89
277 20
331 89
884 13
389 89
909 1
113 89
897 5
945 89
57 1
63 89
683 38
574 89
993 0
356 89
492 14
701 89
636 33
806 89
418 1
600 89
422 57
548 89
787 16
73 89
219 0
174 89
456 79
29 89
102 0
655 89
397 69
171 89
354 1
941 89
909 5
337 89
576 51
152 89
103 29
321 89
237 38
512 89
481 25
287 89
644 28
240 89
38 24
805 89
82 2
189 89
670 15
524 89
230 1
670 89
30 2
433 89
335 8
958 89
255 1
489 89
257 24
723 89
435 6
398 89
672 6
848 89
131 9
823 89
342 16
408 89
127 13
680 89
428 0
877 89
180 55
559 89
757 24
267 89
429 2
228 89
449 39
551 89
412 10
696 89
156 38
151 89
109 50
877 89
773 5
173 89
674 3
444 89
757 4
979 89
88 23
516 89
160 42
170 89
992 0
781 89
709 0
853 89
270 9
350 89
174 14
507 89
936 0
180 89
307 44
447 89
381 4
274 89
369 6
664 89
776 1
451 89
750 48
353 89
852 1
915 89
750 0
150 89
171 11
93 89
3 1
321 89
311 0
731 89
207 44
251 89
113 55
154 89
829 46
888 89
37 19
425 89
106 29
555 89
696 19
119 89
821 2
366 89
392 7
837 89
656 0
370 89
596 59
622 89
244 15
833 89
204 2
322 89
985 54
475 89
597 9
834 89
583 81
912 89
595 63
411 89
181 15
888 89
503 26
637 89
331 80
870 89
40 21
833 89
238 3
114 89
791 1
30 89
586 33
565 89
250 0
308 89
517 32
410 89
92 5
742 89
757 57
624 89
58 24
880 89
835 14
512 89
411 78
634 89
651 1
236 89
488 0
755 89
490 2
451 89
391 25
582 89
304 1
857 89
674 9
76 89
18 4
889 89
224 5
551 89
785 3
661 89
333 0
478 89
688 16
705 89
226 2
650 89
592 6
993 89
537 4
982 89
508 28
151 89
504 27
700 89
355 29
544 89
111 70
161 89
787 4
103 89
738 84
826 89
123 1
204 89
173 3
66 89
621 1
261 89
653 60
51 89
401 2
571 89
349 20
139 89
335 9
348 89
993 6
466 89
283 1
961 89
978 1
994 89
428 0
100 89
952 15
920 89
681 0
214 89
988 1
670 89
112 0
320 89
532 10
442 89
193 8
546 89
206 3
866 89
693 1
104 89
217 6
295 89
426 24
864 89
709 7
825 89
730 43
884 89
637 1
653 89
127 0
425 89
762 0
771 89
369 14
705 89
837 1
461 89
953 15
969 89
27 56
327 89
24 55
712 89
305 1
564 89
787 0
319 89
550 27
522 89
418 47
773 89
289 0
515 89
385 0
752 89
655 5
951 89
615 33
444 89
473 0
298 89
921 6
772 89
291 0
256 89
434 17
706 89
234 25
512 89
909 2
237 89
110 78
628 89
577 11
779 89
186 4
367 89
479 7
349 89
457 12
737 89
491 1
695 89
526 0
846 89
158 3
70 89
711 0
876 89
645 25
121 89
942 25
103 89
800 26
615 89
585 13
847 89
654 8
218 89
266 0
51 89
665 17
365 89
543 21
956 89
924 43
962 89
123 1
434 89
52 13
70 89
634 10
543 89
254 2
817 89
164 20
303 89
504 3
174 89
575 13
720 89
292 14
93 89
298 22
972 89
213 32
627 89
262 0
609 89
892 1
91 89
856 9
418 89
95 8
907 89
651 26
109 89
679 25
170 89
775 51
124 89
402 5
120 89
836 76
739 89
835 6
430 89
230 41
845 89
806 2
385 89
35 0
121 89
746 2
682 89
798 6
767 89
285 21
212 89
365 2
940 89
283 51
665 89
320 19
86 89
724 0
450 89
292 0
887 89
432 36
990 89
658 2
316 89
670 2
779 89
545 14
419 89
353 43
225 89
902 6
583 89
903 0
283 89
558 1
214 89
823 64
804 89
549 0
56 89
264 0
252 89
578 5
407 89
371 62
518 89
348 2
629 89
639 12
598 89
381 10
81 89
351 20
888 89
805 0
242 89
226 1
108 89
870 10
326 89
518 15
277 89
32 69
915 89
835 26
991 89
346 4
303 89
865 4
790 89
706 9
14 89
117 14
96 89
815 56
953 89
777 13
62 89
527 2
631 89
928 4
25 89
177 3
754 89
548 2
283 89
684 4
460 89
186 4
156 89
988 0
308 89
74 6
870 89
359 3
434 89
367 19
232 89
554 0
226 89
879 13
443 89
850 38
255 89
971 0
377 89
743 4
337 89
342 2
756 89
164 4
818 89
581 7
230 89
571 2
305 89
516 3
746 89
322 31
152 89
470 7
256 89
207 14
364 89
163 29
477 89
869 61
129 89
579 0
849 89
347 12
494 89
977 48
486 89
181 13
579 89
784 49
770 89
534 6
198 89
256 52
698 89
270 1
734 89
558 0
897 89
838 65
444 89
111 21
681 89
522 61
175 89
630 57
610 89
786 6
244 89
537 2
591 89
15 3
457 89
86 13
557 89
949 32
34 89
45 3
457 89
904 17
801 89
716 22
816 89
918 14
799 89
38 1
76 89
921 0
873 89
601 3
805 89
229 10
563 89
76 15
146 89
686 0
351 89
984 5
974 89
384 29
355 89
923 2
237 89
301 1
543 89
320 0
999 89
174 1
253 89
578 4
161 89
582 46
727 89
566 8
436 89
474 1
627 89
135 5
292 89
935 30
890 89
230 24
724 89
420 37
637 89
786 3
912 89
571 45
912 89
828 4
13 89
651 5
201 89
231 0
732 89
45 4
627 89
894 6
34 89
167 17
479 89
888 50
951 89
425 0
525 89
677 0
154 89
382 0
65 89
826 1
182 89
467 20
664 89
788 6
865 89
868 34
896 89
615 1
143 89
571 12
399 89
568 0
292 89
520 43
213 89
621 0
502 89
120 4
660 89
976 0
24 89
235 5
398 89
309 14
95 89
44 0
857 89
303 1
220 89
708 20
832 89
199 2
836 89
296 5
811 89
505 4
936 89
33 35
501 89
612 4
825 89
777 18
876 89
626 0
861 89
416 77
29 89
12 19
605 89
554 10
977 89
262 0
822 89
367 38
426 89
729 23
916 89
971 0
92 89
52 7
598 89
231 56
815 89
675 55
586 89
810 25
514 89
404 2
732 89
967 1
137 89
166 42
377 89
192 22
991 89
116 28
707 89
623 0
257 89
378 2
254 89
510 48
433 89
341 1
590 89
211 3
72 89
330 0
456 89
248 4
434 89
555 2
947 89
658 35
813 89
295 70
59 89
58 9
195 89
45 0
814 89
528 8
764 89
150 0
619 89
858 3
182 89
666 24
114 89
496 5
983 89
263 23
563 89
342 42
914 89
837 2
554 89
445 1
225 89
263 3
160 89
647 2
301 89
67 2
286 89
985 16
369 89
81 10
1 89
581 13
189 89
819 3
340 89
510 43
140 89
281 0
609 89
308 1
584 89
709 51
643 89
53 23
911 89
378 18
911 89
118 2
565 89
614 5
599 89
213 21
139 89
248 0
229 89
722 22
754 89
674 36
369 89
406 17
210 89
640 2
960 89
621 11
648 89
460 40
878 89
558 2
642 89
871 1
614 89
615 6
468 89
307 0
659 89
963 3
727 89
505 0
158 89
137 4
599 89
373 2
479 89
265 10
22 89
243 0
379 89
869 17
713 89
201 2
816 89
981 0
687 89
907 22
410 89
181 25
442 89
575 8
865 89
754 4
19 89
655 2
486 89
224 2
305 89
59 2
916 89
827 16
543 89
172 1
697 89
985 2
905 89
403 43
340 89
394 0
23 89
120 87
589 89
770 2
480 89
573 5
630 89
848 16
839 89
514 12
739 89
313 84
298 89
460 0
496 89
677 2
911 89
1000 68
19 89
928 0
510 89
5 1
545 89
473 12
565 89
553 34
444 89
827 1
176 89
333 2
851 89
499 2
519 89
797 5
390 89
61 29
23 89
494 48
949 89
746 0
905 89
386 4
765 89
634 17
704 89
858 14
101 89
154 6
676 89
737 0
240 89
860 45
811 89
62 6
341 89
8 32
161 89
144 7
498 89
616 4
820 89
956 41
109 89
873 0
405 89
449 0
992 89
8 0
573 89
114 4
337 89
535 6
388 89
260 10
100 89
621 3
650 89
703 4
580 89
12 8
603 89
440 0
393 89
917 36
149 89
167 0
516 89
571 2
673 89
592 29
983 89
227 11
932 89
285 18
774 89
484 20
374 89
572 3
896 89
30 27
760 89
705 2
373 89
321 1
31 89
277 73
291 89
892 46
160 89
491 29
847 89
670 2
273 89
190 7
992 89
144 3
357 89
175 12
592 89
853 5
645 89
743 2
12 89
672 2
127 89
696 50
514 89
274 9
987 89
724 16
319 89
827 1
824 89
258 28
796 89
139 0
185 89
358 2
252 89
499 0
31 89
948 2
353 89
891 15
6 89
81 1
648 89
318 33
57 89
763 87
244 89
152 38
403 89
637 82
70 89
618 11
444 89
669 0
130 89
364 35
338 89
897 71
417 89
825 2
748 89
924 2
704 89
472 65
482 89
709 2
411 89
371 64
673 89
705 1
214 89
535 0
993 89
591 45
749 89
547 10
800 89
108 10
803 89
665 0
819 89
785 44
903 89
980 24
321 89
153 14
474 89
189 10
498 89
649 8
801 89
236 51
162 89
686 0
701 89
148 23
735 89
353 1
370 89
521 63
611 89
898 16
584 89
379 1
968 89
256 0
817 89
410 20
737 89
552 3
96 89
1 63
515 89
1 68
970 89
672 5
199 89
405 0
341 89
481 6
883 89
315 3
130 89
575 6
714 89
726 4
253 89
249 1
80 89
641 7
821 89
647 6
324 89
142 2
627 89
412 28
580 89
803 2
567 89
854 76
292 89
903 34
807 89
940 21
843 89
149 71
801 89
363 4
419 89
31 40
454 89
251 34
690 89
375 22
559 89
715 4
42 89
868 28
445 89
475 68
412 89
85 5
671 89
264 4
379 89
363 4
121 89
811 4
594 89
287 4
355 89
482 21
294 89
14 47
66 89
253 11
409 89
900 9
217 89
525 3
902 89
749 35
681 89
917 1
272 89
355 4
330 89
949 0
915 89
711 16
494 89
124 1
522 89
98 1
722 89
223 0
408 89
313 9
590 89
5 56
266 89
67 30
463 89
698 11
888 89
550 8
596 89
454 2
589 89
548 17
380 89
732 80
813 89
904 8
463 89
523 32
340 89
502 0
527 89
896 26
825 89
70 14
580 89
383 11
770 89
297 0
801 89
695 0
705 89
326 17
52 89
724 4
242 89
406 5
998 89
671 11
431 89
957 0
376 89
396 87
357 89
309 0
85 89
937 17
472 89
597 0
196 89
791 11
563 89
224 52
897 89
934 3
206 89
39 40
593 89
151 2
449 89
240 9
745 89
764 2
438 89
906 19
847 89
754 0
539 89
143 1
500 89
717 40
172 89
603 8
90 89
944 2
33 89
294 6
280 89
1000 3
950 89
61 23
354 89
877 32
246 89
384 6
67 89
883 5
863 89
43 2
889 89
256 18
231 89
30 68
450 89
944 18
477 89
179 23
849 89
460 81
834 89
596 11
907 89
422 10
381 89
446 0
179 89
342 29
576 89
109 1
350 89
436 13
46 89
557 0
246 89
424 12
299 89
347 12
368 89
825 0
812 89
359 4
879 89
508 2
835 89
522 39
98 89
166 81
374 89
481 11
525 89
836 3
215 89
238 7
398 89
863 33
561 89
637 1
136 89
193 3
328 89
298 2
875 89
471 2
423 89
358 27
762 89
618 45
2 89
282 6
122 89
859 8
947 89
98 0
782 89
295 14
629 89
923 1
274 89
601 56
727 89
418 84
991 89
797 39
776 89
290 0
592 89
194 5
280 89
31 12
19 89
52 19
384 89
475 0
986 89
637 10
975 89
574 2
969 89
407 1
816 89
132 0
630 89
461 5
484 89
341 5
144 89
259 0
602 89
233 67
421 89
949 30
391 89
774 1
761 89
162 46
830 89
9 1
461 89
402 88
375 89
483 35
279 89
873 5
496 89
768 4
47 89
913 16
807 89
595 0
862 89
321 42
686 89
215 20
989 89
858 9
862 89
805 41
129 89
659 0
970 89
681 2
664 89
188 7
773 89
483 0
39 89
15 3
270 89
904 3
920 89
58 11
327 89
593 1
672 89
141 41
278 89
184 0
11 89
389 41
60 89
998 0
347 89
532 2
475 89
434 73
155 89
227 4
111 89
450 14
803 89
818 1
77 89
28 0
859 89
97 5
881 89
161 25
236 89
381 5
248 89
327 1
114 89
140 11
694 89
767 0
455 89
545 34
506 89
513 9
643 89
717 2
127 89
213 0
141 89
298 3
404 89
876 14
387 89
150 12
295 89
987 0
195 89
788 88
600 89
608 2
284 89
615 1
850 89
918 24
561 89
896 17
538 89
997 1
408 89
93 31
18 89
500 64
305 89
577 15
395 89
75 5
641 89
700 48
549 89
127 2
910 89
863 1
658 89
790 14
608 89
355 2
644 89
406 5
274 89
723 0
692 89
628 0
59 89
521 19
686 89
658 8
476 89
180 12
285 89
281 32
204 89
734 0
964 89
136 2
600 89
584 82
663 89
477 38
552 89
509 0
158 89
58 32
168 89
134 36
587 89
948 16
852 89
88 3
231 89
260 1
244 89
547 12
574 89
607 5
766 89
794 31
404 89
980 38
741 89
730 33
830 89
185 26
930 89
692 7
219 89
145 12
15 89
985 24
509 89
357 1
130 89
42 0
441 89
359 7
728 89
969 2
542 89
255 5
932 89
317 81
636 89
722 41
595 89
629 13
54 89
584 19
406 89
62 4
396 89
921 87
17 89
911 22
853 89
406 11
860 89
80 28
468 89
726 26
506 89
558 33
214 89
595 35
92 89
839 0
821 89
852 53
519 89
76 4
619 89
789 0
577 89
335 56
21 89
32 88
627 89
150 3
820 89
414 8
246 89
727 0
100 89
27 5
539 89
4 8
649 89
461 49
173 89
559 12
159 89
478 11
595 89
36 0
574 89
70 1
936 89
510 51
417 89
504 32
418 89
153 14
23 89
565 13
263 89
201 64
935 89
164 14
735 89
545 48
181 89
281 11
19 89
952 3
747 89
783 40
477 89
734 69
353 89
991 39
400 89
154 1
84 89
1 0
428 89
316 2
46 89
708 5
626 89
884 1
556 89
257 7
386 89
716 0
211 89
511 0
801 89
869 0
82 89
199 70
698 89
400 0
906 89
63 23
829 89
181 81
585 89
60 26
690 89
15 3
523 89
569 5
785 89
478 9
369 89
173 69
531 89
58 48
413 89
317 10
19 89
666 36
372 89
8 2
675 89
919 0
558 89
138 3
553 89
870 0
292 89
526 0
894 89
134 3
192 89
238 9
522 89
423 5
228 89
946 34
14 89
778 1
207 89
235 46
731 89
780 24
756 89
913 27
320 89
897 42
689 89
255 79
247 89
588 4
250 89
275 33
969 89
542 8
565 89
908 47
724 89
440 53
661 89
449 2
199 89
286 28
808 89
487 12
659 89
547 3
419 89
488 0
548 89
490 10
308 89
468 0
695 89
240 3
206 89
460 6
935 89
268 17
257 89
802 38
609 89
764 3
419 89
265 2
973 89
812 2
393 89
908 18
411 89
734 62
988 89
623 3
664 89
108 21
919 89
968 46
43 89
563 11
542 89
292 42
638 89
906 1
96 89
323 38
106 89
253 82
30 89
206 31
756 89
925 0
310 89
437 2
21 89
214 25
471 89
849 0
11 89
619 3
672 89
753 3
594 89
649 2
607 89
494 47
339 89
314 38
142 89
153 0
310 89
914 0
684 89
893 1
471 89
661 2
812 89
567 5
254 89
951 6
865 89
597 8
153 89
233 1
980 89
63 71
372 89
685 0
885 89
234 1
398 89
111 14
266 89
491 13
260 89
279 7
902 89
830 65
564 89
371 66
298 89
423 1
911 89
459 19
842 89
803 0
827 89
486 8
29 89
887 32
439 89
255 2
279 89
112 52
313 89
145 0
252 89
358 5
515 89
332 2
772 89
562 0
105 89
442 39
548 89
505 8
316 89
336 6
600 89
302 1
718 89
715 48
932 89
123 18
400 89
298 0
601 89
733 7
132 89
264 5
403 89
490 0
398 89
329 76
672 89
95 0
455 89
337 13
629 89
233 3
779 89
309 10
779 89
354 15
743 89
64 3
703 89
952 85
717 89
537 3
515 89
245 2
44 89
644 3
673 89
82 25
493 89
57 23
496 89
409 25
446 89
855 2
732 89
774 25
225 89
704 8
481 89
424 6
191 89
420 32
501 89
417 81
801 89
60 0
689 89
640 2
619 89
12 0
465 89
369 0
145 89
957 2
151 89
633 4
632 89
770 35
378 89
61 0
280 89
410 6
917 89
870 60
283 89
308 14
705 89
540 3
952 89
799 6
251 89
722 69
738 89
924 1
356 89
515 18
503 89
372 4
861 89
171 3
952 89
192 4
258 89
339 16
676 89
318 8
370 89
755 4
14 89
302 5
797 89
490 44
357 89
299 20
319 89
676 2
366 89
388 10
727 89
817 10
80 89
137 51
140 89
956 8
285 89
966 51
912 89
150 71
920 89
823 5
670 89
482 9
233 89
600 68
256 89
468 0
689 89
744 0
605 89
40 3
72 89
645 36
248 89
232 5
503 89
356 0
54 89
810 7
683 89
464 2
134 89
541 18
859 89
937 0
291 89
341 5
898 89
387 10
489 89
939 1
951 89
609 1
338 89
868 1
977 89
982 10
969 89
915 1
227 89
45 16
148 89
40 44
11 89
306 0
292 89
94 7
576 89
522 13
112 89
46 1
773 89
661 1
557 89
527 0
277 89
97 3
200 89
781 25
189 89
887 0
749 89
623 21
183 89
365 2
145 89
824 41
707 89
446 0
239 89
672 31
213 89
240 17
905 89
793 6
192 89
94 3
790 89
428 6
428 89
702 0
420 89
695 2
710 89
981 22
362 89
998 2
415 89
790 3
616 89
2 10
223 89
237 20
764 89
905 5
571 89
381 24
99 89
573 3
314 89
426 3
206 89
393 3
274 89
381 53
289 89
267 83
802 89
502 2
959 89
871 61
493 89
221 9
354 89
134 2
929 89
755 61
558 89
633 40
903 89
210 2
828 89
228 6
653 89
640 8
220 89
497 84
102 89
198 64
533 89
114 3
40 89
294 69
759 89
301 68
796 89
534 9
828 89
494 59
70 89
61 1
125 89
344 0
847 89
177 10
336 89
79 23
746 89
537 40
622 89
863 2
269 89
792 7
113 89
80 69
697 89
411 25
557 89
878 4
11 89
280 14
783 89
518 52
538 89
253 0
592 89
164 7
375 89
607 66
368 89
934 29
317 89
92 8
7 89
396 53
420 89
894 10
278 89
195 6
875 89
252 86
785 89
78 14
934 89
874 18
96 89
951 21
894 89
568 4
870 89
807 0
998 89
689 12
160 89
672 4
850 89
89 25
952 89
892 84
174 89
794 14
981 89
461 7
483 89
536 3
11 89
972 24
592 89
973 8
410 89
457 0
488 89
86 6
864 89
303 29
492 89
613 1
503 89
207 82
695 89
892 1
116 89
922 5
656 89
754 15
247 89
111 2
770 89
694 79
239 89
909 0
676 89
11 81
562 89
488 31
642 89
164 6
746 89
614 8
406 89
123 33
27 89
127 17
963 89
707 16
392 89
791 48
466 89
570 60
909 89
328 0
984 89
368 5
185 89
646 4
622 89
439 7
106 89
226 4
295 89
582 5
211 89
661 2
204 89
732 4
37 89
344 12
599 89
401 0
850 89
138 1
696 89
906 0
625 89
125 2
944 89
316 1
833 89
471 21
204 89
238 33
105 89
807 15
826 89
320 37
866 89
396 4
161 89
19 9
258 89
632 0
210 89
949 32
587 89
451 5
209 89
193 30
806 89
706 3
330 89
388 0
665 89
765 2
2 89
493 4
498 89
465 0
89 89
941 34
482 89
612 0
484 89
90 0
235 89
293 71
762 89
854 6
758 89
945 0
230 89
208 54
669 89
376 57
312 89
725 38
486 89
575 0
325 89
68 35
804 89
277 3
817 89
424 1
448 89
31 38
462 89
24 11
486 89
627 32
665 89
418 2
834 89
198 67
182 89
267 65
536 89
561 9
858 89
687 16
637 89
797 6
687 89
147 0
569 89
538 51
298 89
258 1
564 89
831 31
124 89
64 11
477 89
386 2
325 89
326 10
429 89
688 0
496 89
748 10
35 89
689 2
996 89
980 1
255 89
132 4
787 89
2 13
641 89
40 2
694 89
196 22
125 89
462 7
350 89
684 1
54 89
899 32
917 89
975 7
451 89
51 10
633 89
905 6
153 89
422 8
699 89
955 2
791 89
142 0
162 89
998 0
176 89
75 19
53 89
783 71
889 89
69 2
89 89
771 71
548 89
403 67
719 89
874 80
366 89
452 1
824 89
441 1
683 89
155 13
90 89
294 26
122 89
841 1
159 89
618 1
710 89
49 2
803 89
426 5
37 89
824 6
912 89
560 6
429 89
383 8
438 89
887 5
863 89
392 0
832 89
954 14
760 89
784 14
938 89
450 14
695 89
557 6
479 89
251 15
223 89
977 58
669 89
523 24
568 89
952 33
809 89
357 5
252 89
498 7
195 89
236 18
965 89
93 1
109 89
501 27
632 89
61 0
746 89
846 0
352 89
579 4
405 89
440 19
956 89
830 45
33 89
112 6
702 89
218 27
974 89
830 22
249 89
988 1
953 89
768 11
237 89
952 37
473 89
621 60
242 89
311 11
564 89
718 7
200 89
908 61
547 89
761 3
457 89
539 10
245 89
695 23
786 89
879 9
426 89
369 20
359 89
765 2
815 89
791 60
514 89
424 1
80 89
453 18
584 89
899 4
441 89
65 20
631 89
359 32
420 89
78 1
407 89
945 3
258 89
859 27
236 89
268 5
46 89
597 79
702 89
745 0
233 89
4 3
526 89
977 40
498 89
736 6
408 89
594 47
351 89
985 60
395 89
854 5
969 89
242 6
667 89
414 55
729 89
593 21
445 89
84 8
275 89
386 20
409 89
741 87
871 89
356 35
968 89
813 22
664 89
646 10
574 89
326 1
794 89
170 1
225 89
834 8
497 89
520 68
967 89
246 2
877 89
747 17
576 89
84 2
426 89
993 18
761 89
898 5
418 89
34 2
615 89
567 5
386 89
573 0
751 89
762 32
464 89
70 1
739 89
492 20
989 89
742 0
985 89
463 0
546 89
931 2
42 89
423 0
625 89
436 1
154 89
472 1
923 89
734 11
839 89
185 0
679 89
461 4
552 89
983 68
176 89
719 69
770 89
679 0
964 89
537 44
146 89
233 0
150 89
379 30
100 89
706 3
496 89
672 2
989 89
246 7
236 89
354 15
474 89
640 0
629 89
455 0
783 89
517 0
532 89
966 0
975 89
395 34
220 89
576 0
593 89
76 4
790 89
597 0
823 89
857 8
748 89
121 15
719 89
207 1
84 89
167 0
554 89
813 2
459 89
392 1
993 89
496 54
261 89
731 0
558 89
364 22
625 89
860 2
503 89
262 48
387 89
414 37
600 89
99 48
714 89
270 7
201 89
889 39
991 89
68 51
493 89
318 4
988 89
777 3
685 89
941 1
519 89
412 86
460 89
124 42
82 89
455 88
821 89
516 7
109 89
487 31
782 89
202 0
687 89
766 1
768 89
889 81
955 89
216 58
217 89
581 1
438 89
762 4
600 89
179 53
133 89
658 32
817 89
653 25
200 89
548 0
645 89
327 20
320 89
405 26
633 89
950 36
943 89
162 34
992 89
458 0
265 89
546 22
985 89
625 40
994 89
640 18
138 89
790 3
848 89
505 5
656 89
83 10
649 89
79 21
125 89
426 1
789 89
760 46
220 89
572 0
220 89
356 17
859 89
39 0
259 89
502 5
552 89
666 9
126 89
611 81
711 89
224 7
419 89
80 0
726 89
103 1
726 89
125 0
18 89
698 59
643 89
386 50
213 89
394 1
24 89
343 0
823 89
662 13
265 89
161 6
948 89
666 24
489 89
756 0
625 89
427 46
66 89
553 13
800 89
920 4
433 89
294 2
691 89
142 3
527 89
26 0
259 89
549 25
45 89
488 48
32 89
902 63
337 89
304 3
86 89
993 0
565 89
758 0
589 89
372 30
892 89
258 0
281 89
223 11
346 89
296 26
868 89
193 1
881 89
513 1
592 89
533 1
140 89
844 17
211 89
867 71
24 89
381 10
368 89
912 1
387 89
979 54
692 89
305 5
397 89
484 1
514 89
721 1
963 89
503 23
678 89
780 4
312 89
715 0
592 89
289 83
780 89
962 53
892 89
833 0
379 89
570 11
823 89
338 6
890 89
26 0
21 89
749 62
255 89
250 43
572 89
161 9
745 89
123 52
532 89
704 7
48 89
761 63
914 89
214 0
45 89
340 16
769 89
838 10
234 89
154 2
562 89
39 7
713 89
470 0
207 89
161 41
987 89
430 63
364 89
221 72
605 89
89 6
88 89
811 8
90 89
606 4
798 89
877 12
196 89
394 9
551 89
92 21
567 89
868 1
314 89
514 45
670 89
353 37
636 89
271 1
252 89
735 19
845 89
825 73
827 89
622 4
742 89
898 4
243 89
768 26
342 89
653 60
81 89
991 11
123 89
349 65
41 89
107 2
444 89
468 1
183 89
346 2
812 89
627 9
99 89
183 23
267 89
498 1
409 89
553 7
823 89
111 14
296 89
384 2
441 89
701 0
14 89
526 47
973 89
425 32
943 89
123 2
132 89
129 7
736 89
212 40
94 89
602 49
794 89
779 2
894 89
997 53
35 89
136 1
650 89
468 15
809 89
788 31
980 89
558 0
601 89
238 86
314 89
974 4
299 89
606 17
899 89
635 77
269 89
344 42
70 89
534 5
338 89
811 10
405 89
377 0
438 89
284 2
824 89
192 23
485 89
915 12
115 89
927 36
29 89
269 0
344 89
54 2
308 89
223 11
987 89
197 29
946 89
285 23
130 89
353 1
102 89
548 15
620 89
641 48
67 89
656 10
94 89
256 9
510 89
818 2
960 89
954 24
485 89
771 2
431 89
190 83
927 89
589 31
562 89
185 7
904 89
126 43
950 89
97 27
101 89
75 31
520 89
5 9
181 89
126 51
543 89
137 0
286 89
447 6
666 89
222 2
330 89
208 0
604 89
605 8
271 89
252 20
700 89
157 11
433 89
627 19
930 89
629 27
731 89
805 19
617 89
442 0
613 89
548 58
505 89
931 14
416 89
195 13
481 89
725 8
214 89
351 7
744 89
667 23
988 89
519 7
525 89
970 37
807 89
899 2
97 89
182 1
608 89
627 3
160 89
455 0
309 89
951 3
744 89
633 60
523 89
996 1
960 89
104 18
921 89
291 29
706 89
204 1
185 89
218 9
814 89
534 58
569 89
449 0
908 89
416 47
588 89
882 1
619 89
307 69
427 89
141 10
906 89
304 12
812 89
226 0
324 89
169 10
507 89
970 3
233 89
491 20
770 89
102 2
6 89
900 29
847 89
382 64
967 89
225 0
866 89
458 1
869 89
333 6
512 89
800 73
474 89
493 26
834 89
673 59
371 89
785 0
290 89
73 26
342 89
755 19
389 89
13 0
381 89
529 4
935 89
400 12
436 89
162 51
228 89
230 23
42 89
867 14
560 89
105 49
239 89
499 64
430 89
56 10
150 89
962 12
197 89
31 6
672 89
875 4
823 89
271 39
716 89
593 0
487 89
616 0
365 89
845 2
423 89
525 0
11 89
958 8
371 89
426 39
438 89
412 3
603 89
872 73
131 89
637 10
529 89
53 36
233 89
928 21
721 89
333 1
144 89
867 0
101 89
768 3
807 89
983 81
831 89
352 27
165 89
629 21
157 89
768 0
254 89
855 3
860 89
560 1
445 89
135 32
755 89
461 10
816 89
417 2
467 89
725 1
15 89
266 5
180 89
886 14
237 89
488 3
901 89
549 22
760 89
936 1
466 89
928 9
316 89
450 4
989 89
711 0
246 89
234 21
398 89
649 1
976 89
934 77
497 89
526 0
674 89
668 3
938 89
267 27
1 89
503 18
78 89
682 63
558 89
207 79
581 89
383 24
408 89
56 6
276 89
186 4
704 89
239 2
55 89
927 50
216 89
393 3
716 89
942 13
405 89
31 9
703 89
961 76
857 89
546 2
799 89
204 0
818 89
298 70
970 89
639 51
951 89
678 15
440 89
416 1
111 89
612 0
262 89
