1000 1000
540 595
217 327
981 251
870 213
912 635
726 431
106 839
903 484
916 856
881 837
804 83
952 318
721 442
416 456
104 791
972 718
568 469
567 583
853 801
759 948
858 618
470 963
704 941
411 235
279 436
832 128
282 448
573 721
696 12
62 896
520 732
161 754
861 590
202 824
90 151
650 29
264 737
341 969
629 196
602 910
103 923
417 305
57 760
385 226
494 34
679 295
908 214
269 718
858 452
450 650
925 404
263 328
399 297
850 947
122 380
22 372
915 852
915 182
874 820
410 113
857 237
43 53
100 558
834 802
480 169
312 861
310 289
230 373
481 681
807 127
446 358
662 607
653 71
206 80
965 123
657 854
940 428
763 465
255 11
535 317
446 93
546 528
988 300
399 276
830 817
619 942
890 456
427 253
426 276
2 287
817 557
350 736
997 888
45 637
325 750
805 928
957 190
281 460
728 23
603 500
173 177
526 399
998 468
507 303
452 636
79 898
247 475
394 168
997 279
931 175
216 110
522 187
549 438
14 433
89 274
352 166
415 546
600 404
873 578
471 565
891 470
349 675
22 388
675 679
11 43
523 120
157 123
783 230
469 357
767 31
888 27
144 978
332 19
281 435
339 129
943 39
7 803
252 648
6 736
299 451
752 163
527 783
407 749
900 617
69 849
166 502
965 956
689 528
339 5
537 173
317 465
155 308
774 42
364 122
785 656
584 484
875 704
13 750
476 645
634 955
343 524
970 365
183 893
149 528
28 687
472 266
679 18
396 310
739 603
557 601
733 443
764 668
141 737
351 803
132 626
191 509
456 606
698 414
431 364
131 41
865 329
255 170
856 989
864 867
156 982
71 861
18 89
590 241
485 950
972 999
704 204
300 431
219 629
8 871
620 827
226 485
255 971
652 540
305 969
209 156
154 988
443 877
297 283
493 100
484 272
980 594
776 516
66 689
846 139
619 537
687 897
244 698
177 502
496 538
737 942
61 241
268 436
343 667
17 336
123 725
354 14
471 884
723 465
112 907
193 527
619 107
591 887
904 568
852 353
220 522
657 125
38 537
674 990
740 981
420 792
343 948
718 960
445 901
642 579
277 60
989 194
392 87
549 572
214 177
307 196
86 429
593 661
899 582
190 859
203 772
231 356
465 25
840 742
198 108
724 315
315 246
674 155
922 715
336 816
326 884
44 856
960 859
560 86
691 30
38 562
899 31
204 658
785 27
162 305
626 314
882 823
729 679
255 202
793 433
985 19
376 240
671 164
768 451
903 168
608 658
850 163
59 720
419 260
47 915
993 136
225 223
819 186
471 928
452 135
653 719
784 670
716 382
205 728
40 815
453 532
593 594
667 503
517 301
908 418
443 769
288 268
19 347
264 177
941 449
859 139
751 21
580 256
682 566
70 5
135 829
67 569
806 853
632 805
168 976
30 547
918 253
173 275
472 630
969 966
291 49
473 173
933 61
942 658
755 400
793 761
245 806
624 528
87 805
67 997
43 911
633 759
558 223
648 351
273 591
941 184
353 657
705 205
344 989
765 451
933 915
383 775
394 866
565 888
492 936
465 159
936 82
590 326
972 46
122 160
12 415
517 856
639 90
297 588
729 999
434 603
665 425
415 900
974 329
281 521
829 87
660 612
310 131
101 217
449 820
179 981
347 559
216 468
949 746
241 145
198 17
124 82
616 432
178 74
905 786
261 995
51 522
196 987
389 736
549 327
259 919
506 870
300 980
423 439
227 913
98 84
929 707
36 481
360 25
296 240
11 798
481 807
628 553
952 997
765 315
415 712
124 144
200 963
657 609
241 342
401 1
372 622
160 239
625 319
763 412
104 423
644 662
940 380
713 147
521 897
631 18
666 893
210 111
300 404
640 645
799 451
616 769
670 286
501 980
141 348
599 689
274 957
524 712
663 835
674 626
599 487
9 502
831 549
671 859
183 186
699 487
17 197
230 96
313 916
623 105
317 176
94 767
191 956
203 484
697 682
96 196
289 879
220 622
157 288
106 245
400 845
721 808
838 476
53 983
956 129
566 223
987 412
991 983
343 612
297 252
883 667
9 650
871 730
720 276
685 415
330 782
912 227
354 784
230 577
107 318
200 156
897 982
935 288
946 257
393 428
559 790
548 158
199 668
963 543
798 862
15 624
377 332
551 190
614 559
418 251
866 804
748 701
90 230
504 266
830 629
110 684
499 147
581 985
593 817
658 830
268 445
234 78
958 111
92 205
117 13
650 642
784 339
17 620
680 318
295 436
501 795
205 740
535 571
358 678
638 715
623 416
852 665
454 862
537 225
416 289
775 297
965 359
999 97
991 242
731 640
932 349
494 498
31 733
145 582
814 620
464 936
231 436
332 362
581 226
26 128
810 464
100 532
428 168
166 447
365 974
979 250
830 486
329 908
812 877
643 900
374 732
182 105
733 338
558 112
4 881
785 166
739 605
740 342
359 768
317 573
476 305
689 245
429 253
743 775
715 703
404 52
21 253
816 734
15 347
745 530
446 164
158 801
2 125
103 87
869 548
540 315
531 729
259 224
658 221
382 740
245 744
939 999
228 191
678 222
373 302
172 665
345 409
402 314
880 754
965 863
558 830
531 865
379 361
850 989
237 419
951 795
385 154
58 206
26 946
456 787
512 283
721 837
701 810
291 408
988 995
703 269
587 93
42 998
579 550
295 842
677 41
994 587
920 92
168 174
936 847
126 67
8 682
103 102
3 559
50 141
119 200
523 410
140 746
737 915
260 498
184 129
515 206
880 814
881 799
277 74
501 381
808 519
612 508
94 20
67 471
584 151
705 498
931 358
656 427
728 400
30 948
14 856
775 194
119 594
637 58
689 649
826 37
142 23
717 240
838 886
428 826
779 503
585 560
333 921
600 403
111 125
64 956
810 72
272 518
441 632
963 965
76 306
271 390
448 43
354 975
311 501
415 64
973 845
472 906
667 179
459 863
967 346
482 587
731 328
846 849
556 288
44 392
942 262
451 16
495 626
964 816
553 97
147 554
252 177
21 65
235 180
746 233
286 438
814 520
232 378
898 483
858 737
704 828
623 165
7 651
33 14
627 483
205 482
233 126
850 922
993 412
407 243
765 560
813 202
457 979
371 244
12 485
257 813
174 1000
56 703
138 192
32 261
830 168
505 664
72 239
750 786
92 563
918 889
75 588
205 254
222 196
35 687
403 542
811 466
95 717
471 531
533 230
138 312
469 216
990 386
857 578
151 431
589 518
32 910
261 526
636 562
554 20
712 203
472 270
559 233
210 865
237 579
671 285
753 695
546 674
333 666
36 993
471 570
772 286
685 834
930 205
964 750
312 306
722 792
178 749
525 538
976 342
251 205
289 806
955 593
2 974
500 718
544 259
37 803
962 419
805 156
946 689
260 561
758 991
449 189
274 220
413 925
184 124
79 578
915 168
42 544
424 557
61 31
413 545
929 385
191 315
224 182
503 666
275 93
28 322
645 868
999 850
143 289
571 497
283 834
332 443
525 434
265 942
414 829
397 786
443 622
898 152
838 878
511 57
283 24
436 555
126 35
386 736
387 416
513 295
558 308
116 863
364 576
928 961
329 71
37 774
555 240
396 649
607 253
906 942
235 459
931 562
308 939
491 133
193 440
257 662
431 146
101 357
270 330
915 687
100 223
904 997
225 320
636 374
627 51
953 327
531 854
340 224
671 492
393 297
665 618
459 284
264 458
140 244
869 943
138 343
161 251
820 640
629 526
979 904
291 216
868 382
787 248
428 500
63 413
197 340
51 325
721 395
16 325
884 77
536 553
454 393
7 324
401 46
392 177
961 126
589 267
194 738
371 339
838 895
397 624
494 839
352 291
976 306
943 867
3 567
559 646
287 614
198 882
56 24
584 715
221 776
578 389
963 956
795 173
848 223
415 83
973 529
478 666
339 874
437 635
657 818
979 831
540 92
198 100
913 4
30 162
575 831
683 38
769 986
91 151
914 846
695 183
273 610
862 884
328 34
418 991
567 934
514 836
454 230
231 892
659 652
467 431
248 882
390 174
921 246
203 97
597 436
947 356
595 907
617 799
335 962
710 725
709 644
405 741
444 969
889 440
7 24
613 322
568 529
557 493
62 80
596 114
169 975
645 1
163 243
302 619
929 450
433 670
850 371
268 513
335 335
364 361
924 870
174 451
806 453
335 890
86 991
876 732
5 993
164 24
456 66
460 442
550 67
771 858
479 467
8 242
823 591
912 847
939 640
765 90
875 877
475 839
377 179
405 597
890 561
407 63
514 521
85 947
813 692
812 593
947 981
439 830
779 153
390 986
299 941
753 862
791 337
563 474
416 540
757 710
247 832
184 263
331 679
152 701
974 517
405 683
791 888
595 374
947 142
484 209
813 310
956 512
49 914
550 204
867 595
190 423
909 501
294 968
760 76
316 625
163 279
532 135
874 788
490 786
481 61
947 845
545 978
637 672
713 767
916 941
257 327
174 743
347 576
977 330
844 873
219 527
450 25
242 462
317 50
590 865
5000
422 0
668 79
350 0
569 79
558 20
792 79
277 23
332 79
184 71
703 79
210 71
73 79
932 18
485 79
948 0
566 79
348 4
952 79
264 1
665 79
533 7
289 79
61 3
100 79
940 11
105 79
934 32
589 79
763 36
568 79
376 2
464 79
393 13
430 79
771 16
552 79
256 23
199 79
604 31
613 79
321 6
569 79
371 4
616 79
431 26
189 79
500 14
507 79
135 24
72 79
593 74
26 79
176 3
930 79
1000 31
556 79
234 0
12 79
5 33
417 79
909 4
363 79
921 0
71 79
32 9
372 79
519 2
707 79
138 77
733 79
362 30
956 79
476 73
689 79
51 3
908 79
265 76
505 79
603 30
376 79
604 0
123 79
156 19
846 79
846 47
599 79
352 56
915 79
151 41
180 79
422 49
16 79
471 13
285 79
914 3
296 79
855 20
291 79
320 9
485 79
431 2
714 79
877 11
972 79
730 71
917 79
695 15
928 79
500 70
223 79
601 20
890 79
726 9
448 79
665 42
390 79
968 4
622 79
573 9
565 79
421 15
592 79
336 10
948 79
932 2
966 79
793 25
103 79
95 51
133 79
269 18
466 79
531 1
565 79
395 30
817 79
655 26
804 79
712 9
471 79
565 3
447 79
469 1
563 79
648 3
717 79
533 52
814 79
441 34
70 79
525 50
653 79
952 10
342 79
194 74
121 79
352 5
987 79
349 17
94 79
461 32
887 79
806 44
108 79
215 1
20 79
684 0
13 79
830 5
37 79
444 1
596 79
837 25
871 79
789 8
854 79
748 1
835 79
553 5
377 79
997 60
127 79
7 0
534 79
795 49
614 79
482 4
465 79
813 25
484 79
165 3
193 79
187 21
32 79
242 23
271 79
472 2
496 79
471 36
507 79
738 23
504 79
235 0
59 79
328 13
775 79
889 1
525 79
463 28
679 79
563 13
802 79
183 76
990 79
499 1
131 79
591 0
46 79
488 3
65 79
783 37
584 79
289 1
307 79
788 9
903 79
807 13
269 79
943 45
990 79
347 71
655 79
678 72
802 79
634 69
150 79
809 0
533 79
744 67
397 79
801 51
402 79
49 11
493 79
881 16
244 79
295 1
454 79
561 10
871 79
579 3
906 79
560 47
78 79
830 5
6 79
347 12
132 79
949 71
626 79
361 41
526 79
367 55
275 79
358 44
540 79
842 73
664 79
98 41
289 79
112 28
400 79
800 1
705 79
356 27
587 79
135 51
368 79
642 21
355 79
396 7
885 79
34 66
168 79
563 14
94 79
941 1
117 79
35 8
245 79
306 41
360 79
920 2
750 79
330 13
170 79
643 4
611 79
305 4
812 79
208 1
785 79
977 3
329 79
181 78
604 79
817 3
784 79
667 48
263 79
412 32
277 79
706 44
986 79
251 2
973 79
691 1
157 79
412 0
477 79
472 1
410 79
78 0
43 79
174 4
143 79
75 72
416 79
385 18
264 79
623 1
742 79
308 8
269 79
682 5
596 79
268 3
474 79
665 6
254 79
401 36
2 79
772 1
615 79
543 1
747 79
351 4
677 79
540 49
707 79
114 6
446 79
636 5
265 79
927 49
549 79
952 2
686 79
152 4
183 79
402 55
769 79
754 12
431 79
642 12
772 79
833 3
122 79
112 25
810 79
929 41
842 79
980 36
959 79
551 13
236 79
989 13
648 79
915 11
459 79
920 3
463 79
134 26
742 79
458 0
594 79
189 72
113 79
552 0
163 79
802 38
418 79
539 1
861 79
385 1
372 79
45 1
100 79
742 0
487 79
707 0
811 79
114 73
670 79
822 35
718 79
686 2
158 79
911 3
887 79
518 47
538 79
451 0
25 79
679 0
950 79
877 67
763 79
702 1
851 79
585 11
972 79
246 10
972 79
950 3
108 79
67 4
623 79
840 1
116 79
23 0
54 79
281 7
371 79
98 9
341 79
643 4
204 79
352 1
218 79
17 0
144 79
241 3
924 79
543 4
150 79
285 1
745 79
825 1
859 79
18 12
741 79
174 0
890 79
437 1
353 79
854 63
347 79
959 71
99 79
213 0
572 79
36 0
955 79
349 1
827 79
271 25
546 79
205 22
362 79
867 14
281 79
302 5
626 79
801 4
85 79
919 17
518 79
877 9
20 79
280 39
825 79
303 1
523 79
99 7
810 79
724 3
940 79
590 0
827 79
357 1
860 79
417 0
546 79
788 0
375 79
233 11
88 79
442 38
495 79
680 3
591 79
134 1
999 79
943 0
595 79
694 2
551 79
206 16
777 79
520 28
95 79
557 1
365 79
941 0
376 79
457 0
652 79
387 25
878 79
368 0
106 79
203 5
627 79
373 0
350 79
605 0
615 79
121 18
779 79
809 3
601 79
862 1
576 79
776 17
167 79
986 8
115 79
327 5
119 79
920 25
68 79
12 40
320 79
59 38
150 79
42 42
205 79
44 1
422 79
449 36
532 79
633 31
958 79
224 1
309 79
341 7
199 79
503 0
69 79
512 5
209 79
491 6
66 79
459 1
502 79
506 69
172 79
695 0
184 79
994 32
222 79
983 19
544 79
560 0
975 79
565 22
418 79
974 48
240 79
784 15
33 79
973 72
72 79
970 0
816 79
300 61
588 79
668 57
43 79
625 1
820 79
113 2
442 79
806 6
636 79
610 9
719 79
96 32
120 79
316 2
875 79
712 2
600 79
783 8
962 79
451 3
482 79
54 23
952 79
640 60
777 79
174 33
58 79
501 74
158 79
8 0
367 79
365 0
603 79
237 2
849 79
609 28
854 79
54 4
733 79
875 0
892 79
245 1
346 79
987 44
752 79
817 25
232 79
654 67
743 79
993 3
826 79
956 0
2 79
922 21
376 79
773 3
173 79
579 1
713 79
498 3
600 79
92 3
760 79
618 14
78 79
362 4
130 79
567 0
656 79
643 0
737 79
520 0
531 79
1000 0
479 79
953 3
565 79
723 61
489 79
828 25
951 79
490 5
360 79
698 34
874 79
339 3
664 79
455 9
199 79
512 61
221 79
409 24
273 79
651 19
747 79
658 2
535 79
776 2
450 79
378 14
956 79
722 0
341 79
172 62
358 79
341 6
555 79
777 1
571 79
93 25
123 79
440 7
851 79
781 32
105 79
93 2
295 79
164 69
975 79
171 1
25 79
698 40
557 79
947 1
244 79
942 3
816 79
621 1
584 79
608 10
498 79
504 9
254 79
656 70
104 79
77 0
406 79
552 12
31 79
923 7
45 79
649 0
606 79
339 5
222 79
380 2
598 79
787 4
137 79
609 9
397 79
24 37
510 79
819 1
207 79
149 45
989 79
578 1
397 79
81 57
287 79
286 24
825 79
449 40
103 79
846 24
928 79
596 59
391 79
787 39
818 79
366 0
349 79
154 60
536 79
146 20
978 79
706 5
36 79
490 13
478 79
451 4
472 79
870 0
722 79
38 10
755 79
823 46
447 79
576 4
696 79
493 0
292 79
445 31
677 79
339 67
171 79
560 69
662 79
247 57
997 79
58 76
113 79
568 3
688 79
612 0
9 79
933 8
691 79
602 1
420 79
651 13
647 79
559 1
247 79
988 1
760 79
590 36
336 79
680 0
771 79
116 8
906 79
96 18
275 79
984 1
205 79
758 74
989 79
144 0
607 79
5 5
465 79
360 67
381 79
384 6
927 79
410 37
288 79
355 16
948 79
552 68
683 79
428 2
679 79
943 33
802 79
984 0
738 79
230 75
988 79
543 6
926 79
825 1
410 79
746 3
80 79
961 24
834 79
345 0
241 79
154 0
515 79
741 28
815 79
815 25
948 79
661 63
814 79
445 6
11 79
322 34
31 79
270 5
906 79
757 7
978 79
510 1
992 79
929 1
75 79
57 77
184 79
411 0
434 79
603 1
773 79
193 60
77 79
437 5
464 79
75 73
816 79
33 12
937 79
894 34
898 79
571 1
214 79
215 8
32 79
347 5
26 79
906 0
48 79
687 4
214 79
323 0
227 79
655 1
350 79
799 4
319 79
106 17
265 79
971 0
131 79
835 0
99 79
380 20
453 79
901 3
312 79
90 0
31 79
704 6
216 79
606 1
685 79
550 1
552 79
429 1
24 79
292 19
828 79
242 43
378 79
775 16
616 79
167 4
748 79
478 9
925 79
305 8
128 79
724 10
119 79
198 3
450 79
989 2
20 79
419 28
195 79
29 7
649 79
69 1
519 79
857 42
463 79
166 23
19 79
204 46
379 79
692 0
209 79
997 2
463 79
665 0
496 79
832 61
741 79
654 50
721 79
837 10
252 79
941 0
330 79
539 38
312 79
258 11
21 79
828 34
973 79
420 8
915 79
664 25
97 79
973 10
613 79
168 0
997 79
604 40
207 79
568 3
197 79
541 69
573 79
305 9
435 79
685 34
492 79
934 26
214 79
313 0
540 79
406 1
489 79
978 62
671 79
64 1
765 79
648 1
876 79
235 2
39 79
774 43
830 79
104 22
912 79
407 5
539 79
888 7
177 79
135 53
4 79
12 42
894 79
95 26
424 79
938 9
142 79
287 56
666 79
594 1
17 79
270 4
265 79
663 34
91 79
744 8
642 79
368 10
651 79
165 78
748 79
269 26
840 79
680 31
593 79
698 9
276 79
762 4
796 79
363 1
610 79
598 12
597 79
68 0
948 79
656 64
373 79
484 3
713 79
668 7
900 79
913 58
4 79
156 47
443 79
936 0
642 79
686 7
231 79
516 2
306 79
281 1
887 79
381 5
519 79
353 11
574 79
55 29
581 79
655 28
283 79
325 0
518 79
752 2
37 79
714 61
333 79
919 6
695 79
289 23
976 79
916 0
863 79
470 71
432 79
546 3
164 79
702 0
132 79
650 6
209 79
937 18
593 79
507 0
49 79
5 27
340 79
465 1
81 79
107 5
417 79
291 74
355 79
873 40
717 79
92 4
79 79
594 1
659 79
108 33
617 79
372 0
837 79
533 3
220 79
2 16
466 79
560 2
280 79
866 5
256 79
107 2
650 79
329 0
646 79
602 4
547 79
778 2
52 79
742 56
483 79
393 11
392 79
445 44
199 79
65 5
911 79
377 44
150 79
838 17
298 79
645 17
998 79
785 0
173 79
487 77
622 79
770 4
19 79
763 1
761 79
753 2
622 79
274 9
757 79
327 29
938 79
245 8
779 79
126 2
408 79
640 1
129 79
348 7
424 79
989 0
338 79
906 2
969 79
302 4
188 79
354 69
139 79
753 0
688 79
826 60
816 79
810 9
298 79
73 16
953 79
916 1
379 79
693 1
420 79
795 19
78 79
949 16
482 79
99 0
273 79
788 67
989 79
548 11
773 79
55 2
953 79
474 19
935 79
164 0
227 79
474 56
382 79
345 3
644 79
432 57
587 79
403 0
76 79
498 7
337 79
232 34
219 79
496 7
600 79
242 11
794 79
103 17
95 79
120 2
509 79
322 51
682 79
798 1
116 79
91 18
954 79
532 0
610 79
123 0
530 79
365 24
228 79
12 54
774 79
829 18
60 79
824 1
554 79
478 0
25 79
889 36
911 79
652 74
991 79
984 2
804 79
305 5
742 79
941 0
212 79
794 20
68 79
171 0
600 79
617 2
819 79
403 38
355 79
24 5
48 79
574 13
644 79
606 60
323 79
219 34
390 79
466 0
19 79
425 15
376 79
199 1
326 79
396 2
630 79
408 60
110 79
154 6
266 79
55 0
559 79
571 43
575 79
639 3
460 79
899 27
86 79
270 71
369 79
196 2
628 79
52 25
693 79
18 1
450 79
315 5
574 79
718 4
995 79
2 2
47 79
609 15
72 79
808 44
673 79
116 17
995 79
389 64
982 79
590 0
820 79
822 3
205 79
913 1
60 79
88 35
149 79
971 16
184 79
786 4
93 79
963 22
70 79
940 23
334 79
872 5
213 79
71 15
198 79
660 0
838 79
401 43
95 79
447 0
397 79
773 0
162 79
726 8
518 79
736 21
949 79
745 13
542 79
777 0
278 79
213 3
93 79
401 55
662 79
352 8
208 79
566 16
135 79
889 5
990 79
26 6
570 79
141 30
354 79
52 16
1 79
788 4
20 79
825 13
282 79
771 9
449 79
536 3
496 79
393 1
413 79
516 0
500 79
923 0
266 79
756 0
82 79
183 22
941 79
718 3
494 79
330 8
34 79
823 0
964 79
445 38
686 79
795 1
641 79
97 3
267 79
399 0
909 79
718 4
702 79
622 1
32 79
843 10
32 79
804 48
889 79
982 1
481 79
546 3
865 79
108 38
948 79
616 6
63 79
973 5
160 79
504 27
779 79
504 7
615 79
254 25
981 79
596 61
506 79
856 4
705 79
714 0
538 79
728 21
18 79
231 27
401 79
987 1
975 79
263 0
477 79
765 0
901 79
650 0
495 79
919 5
995 79
474 23
414 79
82 38
788 79
935 12
721 79
147 6
661 79
65 5
45 79
103 14
184 79
247 7
363 79
470 1
674 79
808 0
468 79
893 55
887 79
255 11
270 79
338 16
318 79
101 0
323 79
750 9
178 79
757 70
159 79
750 4
393 79
684 7
812 79
244 16
473 79
203 17
994 79
707 4
731 79
396 46
532 79
214 2
308 79
68 9
566 79
366 65
811 79
633 47
195 79
495 70
51 79
461 4
929 79
215 3
820 79
412 7
141 79
609 0
824 79
70 27
959 79
304 76
89 79
97 0
273 79
169 41
492 79
689 52
806 79
506 0
700 79
207 0
465 79
780 49
32 79
402 16
261 79
196 4
778 79
398 4
914 79
250 1
85 79
240 19
141 79
492 4
929 79
228 34
125 79
377 3
534 79
363 72
120 79
914 15
708 79
208 3
359 79
29 41
749 79
895 19
193 79
579 0
998 79
515 41
998 79
405 57
579 79
9 6
795 79
195 59
934 79
324 6
860 79
897 32
44 79
303 3
477 79
437 1
843 79
67 11
240 79
490 60
35 79
861 3
222 79
799 1
512 79
480 24
890 79
81 4
810 79
909 53
685 79
728 20
218 79
237 1
430 79
852 1
924 79
894 48
163 79
557 8
7 79
90 47
205 79
862 24
135 79
586 39
461 79
997 6
97 79
376 12
415 79
534 0
525 79
137 0
627 79
656 0
396 79
553 6
156 79
498 3
882 79
450 3
366 79
350 68
549 79
334 6
941 79
332 24
395 79
218 15
673 79
639 3
532 79
40 5
502 79
173 13
853 79
454 39
462 79
318 24
555 79
291 3
694 79
377 38
203 79
22 9
396 79
114 52
935 79
376 4
513 79
578 21
341 79
931 0
390 79
183 0
846 79
315 0
429 79
560 7
110 79
500 7
319 79
794 37
987 79
245 4
979 79
49 7
652 79
307 4
148 79
803 15
150 79
451 2
592 79
845 3
318 79
741 0
106 79
551 2
680 79
654 7
668 79
340 4
545 79
906 12
968 79
830 42
142 79
772 13
409 79
275 4
883 79
217 19
680 79
346 7
467 79
175 34
592 79
956 36
317 79
784 2
610 79
561 9
491 79
829 8
312 79
317 5
995 79
811 22
216 79
83 73
902 79
905 2
895 79
812 1
597 79
500 25
497 79
47 1
706 79
120 2
533 79
760 0
899 79
250 3
367 79
962 27
284 79
215 0
310 79
58 3
933 79
365 24
507 79
64 7
601 79
106 21
104 79
477 54
913 79
793 35
443 79
456 18
192 79
512 3
166 79
475 4
393 79
712 10
233 79
259 5
794 79
966 1
339 79
362 0
76 79
317 39
151 79
84 61
245 79
417 0
106 79
342 58
956 79
575 2
961 79
302 0
213 79
641 41
484 79
136 44
977 79
275 55
420 79
425 26
133 79
482 1
59 79
398 0
612 79
998 39
893 79
158 3
477 79
781 0
6 79
316 0
974 79
506 0
412 79
541 0
876 79
23 13
541 79
835 4
489 79
822 11
313 79
436 4
288 79
608 6
824 79
448 2
911 79
467 4
151 79
650 2
204 79
494 3
890 79
447 18
531 79
956 10
935 79
916 0
82 79
499 61
250 79
729 6
766 79
86 0
191 79
742 11
9 79
54 70
756 79
123 5
43 79
442 7
101 79
485 19
72 79
902 64
29 79
504 55
13 79
719 36
366 79
445 30
220 79
660 0
461 79
114 47
559 79
218 1
547 79
934 0
95 79
569 10
929 79
172 36
308 79
346 48
485 79
596 15
842 79
989 0
521 79
714 9
585 79
688 16
192 79
614 6
77 79
275 0
438 79
548 4
744 79
501 2
973 79
765 2
396 79
33 3
584 79
264 15
511 79
135 0
700 79
513 0
68 79
940 10
15 79
127 45
880 79
421 24
761 79
328 10
846 79
205 39
991 79
483 38
298 79
480 25
924 79
719 2
676 79
5 3
40 79
334 35
104 79
237 31
879 79
334 54
395 79
518 11
366 79
430 64
905 79
593 23
435 79
222 2
520 79
813 66
501 79
583 4
248 79
876 17
780 79
541 49
206 79
34 37
297 79
264 52
629 79
306 54
310 79
190 15
318 79
339 0
293 79
114 36
139 79
813 16
47 79
554 0
88 79
929 8
729 79
93 24
404 79
615 10
390 79
802 2
842 79
537 11
696 79
782 0
411 79
936 2
283 79
200 2
182 79
54 2
762 79
301 24
120 79
123 0
640 79
419 27
657 79
325 5
575 79
154 3
778 79
646 37
711 79
636 2
834 79
505 4
469 79
979 25
255 79
729 23
613 79
375 1
736 79
752 2
43 79
814 2
968 79
759 63
415 79
683 3
95 79
142 34
957 79
677 10
315 79
731 6
380 79
332 13
925 79
17 54
82 79
794 13
729 79
421 3
203 79
351 14
8 79
277 4
772 79
568 5
658 79
942 52
254 79
503 13
50 79
289 7
407 79
68 2
718 79
272 5
341 79
840 7
152 79
922 5
989 79
154 22
430 79
978 21
463 79
202 17
671 79
383 9
505 79
500 42
930 79
626 12
6 79
551 2
49 79
437 51
506 79
856 24
204 79
108 7
681 79
247 46
751 79
75 6
761 79
513 17
708 79
146 63
208 79
979 43
351 79
665 2
790 79
609 12
254 79
893 9
962 79
176 40
832 79
205 24
623 79
84 3
674 79
596 35
970 79
918 37
756 79
542 78
201 79
943 1
243 79
66 0
11 79
609 9
62 79
109 20
380 79
66 6
458 79
629 29
985 79
383 1
460 79
425 19
865 79
242 4
291 79
61 52
226 79
723 4
166 79
218 57
822 79
756 1
520 79
41 4
139 79
96 10
496 79
889 28
181 79
783 6
326 79
849 8
87 79
433 4
597 79
222 3
217 79
568 0
309 79
751 8
900 79
671 11
381 79
249 40
354 79
643 0
500 79
359 9
856 79
827 14
697 79
782 31
851 79
719 0
733 79
866 1
36 79
599 0
108 79
483 22
473 79
707 9
572 79
45 55
767 79
80 4
804 79
892 7
501 79
7 57
654 79
464 8
653 79
14 11
290 79
778 62
317 79
765 6
288 79
260 1
768 79
838 0
847 79
551 23
639 79
81 17
646 79
852 1
648 79
174 0
40 79
341 0
935 79
710 5
877 79
479 5
518 79
26 6
98 79
312 15
555 79
410 14
211 79
773 1
166 79
190 47
305 79
913 16
948 79
524 5
94 79
105 0
478 79
893 71
271 79
845 1
822 79
285 14
34 79
551 5
249 79
89 48
249 79
997 3
243 79
740 0
512 79
110 44
864 79
610 3
230 79
287 0
12 79
597 12
627 79
719 5
714 79
340 2
162 79
30 7
241 79
315 10
684 79
639 1
547 79
907 12
672 79
853 0
955 79
716 2
161 79
737 18
459 79
345 2
647 79
338 5
711 79
982 1
98 79
936 0
743 79
92 9
799 79
681 0
109 79
857 0
917 79
204 0
605 79
553 7
116 79
271 0
601 79
228 13
59 79
747 28
483 79
20 23
793 79
705 48
177 79
140 77
770 79
227 34
456 79
740 2
465 79
43 0
743 79
385 2
908 79
901 1
495 79
401 1
547 79
318 6
504 79
386 45
65 79
436 0
769 79
321 0
308 79
60 72
806 79
412 5
192 79
366 17
489 79
259 27
162 79
742 20
354 79
141 4
596 79
170 0
501 79
450 7
462 79
488 14
958 79
407 5
909 79
563 4
610 79
966 54
338 79
883 0
265 79
963 8
764 79
60 0
744 79
894 4
212 79
467 1
851 79
819 58
100 79
77 12
912 79
522 7
761 79
355 38
211 79
725 64
197 79
30 8
827 79
256 2
990 79
646 17
406 79
147 63
291 79
698 12
860 79
156 18
755 79
296 31
690 79
239 27
255 79
605 10
271 79
269 1
529 79
349 9
147 79
503 39
276 79
553 14
371 79
29 0
94 79
119 17
309 79
988 0
469 79
413 3
325 79
288 10
270 79
998 0
90 79
721 19
213 79
808 7
743 79
184 19
77 79
683 1
294 79
329 26
223 79
613 11
41 79
472 33
634 79
783 1
201 79
129 18
136 79
991 9
277 79
750 16
462 79
2 39
340 79
255 24
938 79
816 3
832 79
926 7
926 79
198 64
863 79
691 12
171 79
420 12
543 79
548 2
110 79
445 55
169 79
796 26
13 79
780 22
447 79
617 50
103 79
440 16
672 79
501 10
79 79
952 1
49 79
785 19
266 79
34 20
411 79
593 22
740 79
220 0
181 79
475 13
261 79
445 4
797 79
283 20
131 79
63 16
78 79
323 19
398 79
532 39
125 79
403 0
527 79
159 31
646 79
660 2
62 79
560 27
659 79
382 0
536 79
330 33
474 79
25 4
976 79
607 14
565 79
796 0
450 79
769 15
264 79
461 10
787 79
922 6
322 79
911 63
508 79
397 0
831 79
752 0
892 79
742 18
125 79
9 43
60 79
535 0
839 79
684 59
415 79
14 1
758 79
710 4
962 79
955 10
155 79
368 28
504 79
519 6
836 79
443 6
594 79
902 11
11 79
980 0
269 79
932 31
967 79
455 0
230 79
360 3
862 79
926 9
247 79
396 1
501 79
945 1
44 79
323 8
103 79
956 19
353 79
745 0
506 79
961 14
652 79
804 24
871 79
706 13
871 79
42 32
773 79
186 5
484 79
561 10
683 79
157 8
491 79
107 70
423 79
327 21
248 79
597 0
398 79
680 4
405 79
75 30
167 79
142 17
644 79
472 11
529 79
142 2
490 79
743 12
515 79
130 1
500 79
595 1
96 79
817 0
886 79
357 8
953 79
500 34
655 79
258 18
153 79
194 5
765 79
700 33
527 79
219 22
63 79
371 0
120 79
41 17
822 79
155 9
286 79
954 7
973 79
679 0
422 79
207 0
233 79
111 6
453 79
483 9
51 79
766 35
219 79
585 0
275 79
930 56
740 79
43 5
697 79
120 34
504 79
431 17
64 79
640 28
311 79
925 14
244 79
162 39
922 79
516 26
513 79
83 49
949 79
538 1
149 79
446 0
219 79
552 0
758 79
738 5
330 79
920 42
486 79
310 21
898 79
980 4
54 79
477 3
641 79
338 52
306 79
650 77
173 79
325 27
396 79
285 4
837 79
792 1
326 79
640 16
725 79
917 1
581 79
674 47
1000 79
48 32
578 79
596 38
538 79
149 35
608 79
269 0
20 79
956 1
981 79
745 22
279 79
726 2
805 79
807 5
290 79
365 10
41 79
471 33
609 79
49 11
241 79
242 7
401 79
615 6
642 79
573 11
932 79
877 40
32 79
87 9
786 79
550 1
21 79
105 1
774 79
289 77
597 79
639 50
552 79
706 2
159 79
949 30
591 79
906 70
903 79
791 4
740 79
542 3
300 79
925 24
264 79
470 2
684 79
358 36
65 79
782 5
770 79
655 63
322 79
609 2
771 79
497 2
748 79
617 9
493 79
3 3
314 79
103 13
484 79
889 0
160 79
548 0
675 79
139 2
356 79
930 11
867 79
962 15
208 79
856 19
531 79
820 11
572 79
206 0
861 79
232 1
542 79
471 0
730 79
22 28
964 79
186 0
875 79
158 1
107 79
842 24
775 79
585 34
57 79
385 24
949 79
688 8
39 79
270 3
976 79
233 3
520 79
146 0
584 79
962 55
906 79
543 3
988 79
491 31
81 79
612 5
324 79
351 60
348 79
493 0
291 79
544 0
874 79
373 6
663 79
151 9
753 79
366 12
411 79
546 0
7 79
812 4
583 79
779 2
864 79
426 23
813 79
526 4
367 79
500 65
894 79
899 37
557 79
374 1
551 79
473 41
130 79
371 5
942 79
995 3
389 79
259 1
12 79
573 0
401 79
68 5
440 79
281 0
698 79
926 8
521 79
118 23
790 79
761 5
704 79
186 1
614 79
325 0
841 79
824 4
877 79
220 9
811 79
566 0
684 79
783 7
787 79
476 19
978 79
783 0
116 79
370 44
20 79
156 2
538 79
308 0
884 79
201 3
555 79
148 10
128 79
310 5
863 79
203 0
873 79
836 4
191 79
44 42
324 79
848 7
58 79
352 2
475 79
708 3
343 79
34 1
594 79
13 1
87 79
220 74
715 79
978 53
371 79
282 26
798 79
676 32
511 79
931 3
637 79
649 76
384 79
424 19
694 79
554 23
739 79
120 3
155 79
152 5
156 79
808 2
141 79
743 10
409 79
724 1
325 79
688 1
15 79
396 1
969 79
780 0
945 79
336 14
161 79
975 0
36 79
44 1
996 79
164 15
303 79
353 9
703 79
358 2
230 79
682 0
567 79
779 0
974 79
436 0
24 79
855 0
78 79
620 2
541 79
836 51
755 79
243 0
151 79
99 2
924 79
301 19
390 79
951 68
184 79
111 77
383 79
506 2
444 79
142 26
897 79
577 25
627 79
742 5
910 79
563 5
692 79
538 0
655 79
93 1
207 79
103 24
33 79
182 3
243 79
288 12
917 79
627 19
16 79
876 0
682 79
311 15
724 79
228 0
546 79
135 56
541 79
551 5
375 79
229 0
236 79
376 42
849 79
605 1
665 79
265 42
924 79
843 4
800 79
390 9
192 79
107 56
939 79
735 12
803 79
206 3
115 79
578 9
410 79
807 10
1000 79
926 5
482 79
184 2
142 79
551 4
137 79
906 17
957 79
289 10
189 79
324 10
865 79
991 0
15 79
52 66
49 79
224 6
237 79
410 1
298 79
255 1
958 79
920 0
298 79
835 13
464 79
364 1
772 79
962 1
45 79
243 11
680 79
632 8
234 79
352 0
418 79
285 12
550 79
688 1
23 79
554 15
452 79
240 9
204 79
660 2
429 79
263 44
385 79
730 25
987 79
625 7
633 79
667 15
403 79
479 0
316 79
611 9
716 79
41 0
814 79
519 68
403 79
569 0
800 79
840 30
29 79
979 9
294 79
382 0
683 79
679 34
652 79
313 0
350 79
686 60
978 79
308 13
751 79
811 5
609 79
71 20
946 79
292 11
468 79
424 0
98 79
259 2
990 79
804 3
648 79
560 0
495 79
767 22
62 79
477 3
702 79
679 2
118 79
580 16
137 79
240 27
237 79
663 32
672 79
639 4
688 79
521 3
140 79
560 1
87 79
82 16
439 79
382 0
876 79
175 1
585 79
351 28
558 79
623 1
497 79
367 14
961 79
934 39
863 79
410 3
192 79
930 49
379 79
763 59
968 79
5 67
395 79
307 23
461 79
77 7
45 79
377 3
475 79
203 0
536 79
406 0
209 79
263 0
658 79
85 11
444 79
51 14
488 79
341 36
227 79
342 0
555 79
595 61
249 79
221 13
500 79
935 0
542 79
986 0
533 79
187 0
14 79
498 1
177 79
748 2
983 79
756 0
296 79
823 8
842 79
775 22
580 79
341 51
912 79
165 10
482 79
723 21
118 79
237 0
840 79
962 2
67 79
579 3
171 79
565 1
363 79
279 0
590 79
284 39
722 79
321 37
482 79
646 29
483 79
981 4
788 79
357 38
22 79
990 2
817 79
624 1
402 79
64 13
929 79
732 1
462 79
744 0
229 79
704 17
149 79
566 1
136 79
53 0
314 79
481 6
401 79
278 0
858 79
984 6
355 79
297 17
263 79
282 55
371 79
659 0
914 79
578 5
163 79
682 19
517 79
278 31
606 79
146 7
532 79
522 0
773 79
795 51
727 79
850 13
690 79
899 58
323 79
987 3
71 79
5 3
994 79
931 0
394 79
556 4
514 79
355 49
963 79
309 0
136 79
639 7
765 79
849 4
373 79
899 2
307 79
476 0
39 79
384 5
175 79
222 43
363 79
887 37
190 79
495 3
85 79
54 2
569 79
546 17
323 79
614 41
979 79
289 3
982 79
68 22
231 79
718 1
460 79
771 25
196 79
54 2
273 79
108 0
96 79
775 1
585 79
332 20
901 79
826 15
454 79
86 7
379 79
209 5
604 79
402 2
69 79
385 1
324 79
863 49
384 79
461 0
641 79
410 42
972 79
200 1
753 79
574 16
821 79
948 21
861 79
563 3
590 79
412 53
851 79
940 13
331 79
604 70
680 79
24 0
807 79
594 54
302 79
4 8
929 79
667 3
288 79
639 0
760 79
806 1
622 79
616 61
375 79
634 7
239 79
546 0
609 79
993 9
207 79
734 36
349 79
500 1
503 79
693 28
103 79
701 0
586 79
370 46
573 79
87 43
412 79
473 2
64 79
251 10
762 79
581 0
223 79
330 0
835 79
944 3
997 79
567 2
303 79
629 8
636 79
137 4
1 79
689 9
32 79
482 43
882 79
182 23
405 79
605 11
318 79
421 52
255 79
657 40
18 79
208 48
269 79
87 55
522 79
51 24
936 79
84 32
493 79
138 28
252 79
943 1
799 79
104 71
717 79
306 0
890 79
320 0
326 79
328 0
785 79
450 48
642 79
556 77
318 79
728 1
660 79
71 24
363 79
446 1
564 79
567 17
260 79
130 5
346 79
91 8
252 79
984 0
509 79
406 32
298 79
936 0
809 79
159 0
928 79
27 6
190 79
935 64
697 79
964 12
501 79
759 20
179 79
744 47
996 79
236 2
268 79
41 10
465 79
719 60
955 79
803 4
382 79
941 16
293 79
123 0
882 79
578 25
100 79
948 2
366 79
77 0
107 79
922 63
851 79
290 19
913 79
27 9
87 79
771 0
208 79
980 64
551 79
468 43
89 79
79 4
718 79
122 1
298 79
306 71
132 79
62 0
344 79
79 34
172 79
115 0
782 79
149 0
478 79
156 27
342 79
817 0
186 79
258 15
269 79
714 2
945 79
831 1
981 79
651 2
222 79
446 4
41 79
683 2
180 79
567 22
726 79
536 2
398 79
293 4
456 79
679 47
154 79
202 6
309 79
701 36
36 79
992 8
300 79
61 0
691 79
766 1
622 79
187 2
257 79
843 36
297 79
732 3
331 79
740 31
342 79
431 64
460 79
40 12
96 79
341 15
162 79
998 71
894 79
296 2
501 79
748 5
715 79
572 10
564 79
203 4
909 79
527 53
693 79
106 13
913 79
651 0
945 79
56 3
165 79
429 12
305 79
991 1
235 79
178 8
968 79
273 5
552 79
169 24
79 79
823 1
375 79
460 38
624 79
745 3
276 79
456 38
264 79
470 51
573 79
474 0
456 79
527 4
308 79
762 8
919 79
601 0
168 79
253 13
896 79
513 76
376 79
209 1
865 79
406 3
334 79
559 18
831 79
117 0
494 79
996 27
910 79
786 17
578 79
307 4
182 79
502 77
954 79
93 0
911 79
474 60
257 79
405 0
893 79
173 0
987 79
847 53
72 79
132 1
916 79
484 58
173 79
672 1
48 79
11 0
792 79
703 19
413 79
975 19
118 79
903 0
899 79
588 58
80 79
920 9
12 79
429 5
770 79
813 24
235 79
936 6
944 79
799 8
867 79
577 30
418 79
652 23
575 79
682 0
144 79
697 2
528 79
700 11
680 79
20 1
961 79
957 4
630 79
7 9
842 79
172 4
621 79
502 28
937 79
523 27
75 79
280 0
951 79
477 6
620 79
740 12
99 79
270 0
428 79
555 43
501 79
767 72
582 79
747 9
898 79
445 10
590 79
152 75
23 79
192 39
104 79
596 7
862 79
27 18
441 79
472 72
602 79
298 5
394 79
464 3
436 79
500 2
488 79
425 25
927 79
191 3
697 79
235 0
324 79
145 44
280 79
759 36
474 79
219 9
688 79
330 0
664 79
581 4
232 79
504 14
748 79
26 41
443 79
968 0
290 79
112 21
88 79
334 5
566 79
651 1
733 79
461 29
166 79
163 0
77 79
859 0
710 79
149 0
235 79
344 11
938 79
132 2
20 79
464 1
374 79
624 10
696 79
423 14
658 79
619 45
469 79
655 15
970 79
14 2
826 79
293 2
792 79
374 1
763 79
362 0
490 79
579 40
701 79
188 39
972 79
618 12
977 79
859 22
904 79
202 42
7 79
579 26
575 79
450 8
367 79
510 3
115 79
409 1
284 79
874 15
821 79
932 12
109 79
308 50
397 79
319 4
34 79
371 33
283 79
624 0
495 79
522 39
601 79
388 21
872 79
659 15
142 79
956 50
603 79
690 1
392 79
777 15
932 79
354 56
927 79
414 18
679 79
352 0
925 79
25 4
898 79
488 73
211 79
17 1
575 79
800 0
462 79
351 21
948 79
865 0
30 79
987 7
525 79
118 10
349 79
402 15
238 79
563 65
314 79
540 31
90 79
38 19
696 79
149 2
745 79
357 4
332 79
491 15
861 79
733 4
397 79
235 0
283 79
546 4
687 79
558 1
809 79
304 3
850 79
290 0
749 79
655 49
940 79
880 43
436 79
692 8
699 79
783 19
38 79
249 11
450 79
294 0
821 79
78 2
732 79
746 4
134 79
219 29
297 79
124 42
726 79
356 0
552 79
866 21
685 79
22 39
965 79
405 0
411 79
508 74
10 79
67 11
757 79
826 6
384 79
538 42
57 79
700 3
108 79
822 74
38 79
173 24
896 79
221 1
11 79
449 3
558 79
882 0
409 79
954 13
482 79
181 2
673 79
788 4
817 79
97 2
64 79
172 50
366 79
403 36
539 79
978 12
451 79
421 0
635 79
186 69
109 79
69 14
213 79
411 0
428 79
619 15
62 79
869 6
135 79
690 3
235 79
622 33
202 79
368 26
410 79
793 5
826 79
543 2
663 79
596 0
313 79
282 1
385 79
593 0
183 79
905 2
120 79
66 70
791 79
418 4
758 79
95 0
670 79
203 13
710 79
51 67
814 79
744 13
500 79
786 47
612 79
962 2
868 79
341 22
714 79
943 5
943 79
160 3
227 79
631 2
509 79
250 7
685 79
170 1
136 79
134 4
890 79
299 11
682 79
883 19
281 79
278 1
653 79
670 34
877 79
585 5
923 79
232 1
781 79
921 10
377 79
489 27
944 79
7 0
525 79
755 7
82 79
650 0
615 79
805 3
136 79
150 0
859 79
335 37
848 79
723 0
157 79
561 3
898 79
292 0
24 79
363 3
19 79
356 16
903 79
695 18
319 79
591 27
92 79
563 66
332 79
849 27
89 79
266 24
519 79
725 0
661 79
329 3
661 79
37 51
42 79
176 13
541 79
689 1
560 79
144 33
740 79
176 33
846 79
2 23
682 79
199 19
960 79
706 0
386 79
662 9
515 79
754 4
414 79
555 1
223 79
619 2
333 79
25 66
478 79
332 22
12 79
766 16
11 79
741 9
85 79
530 46
518 79
624 0
92 79
929 2
635 79
357 35
916 79
251 1
762 79
311 26
230 79
927 77
82 79
814 34
649 79
992 67
127 79
132 6
236 79
117 0
67 79
310 25
181 79
431 1
333 79
197 2
369 79
821 6
262 79
94 0
862 79
564 52
851 79
307 10
17 79
243 7
578 79
477 4
531 79
449 23
600 79
207 7
400 79
870 27
36 79
432 17
857 79
301 2
380 79
957 22
198 79
147 15
719 79
787 20
13 79
115 50
230 79
877 0
402 79
838 44
421 79
979 9
658 79
334 9
103 79
560 4
942 79
137 20
869 79
895 9
397 79
403 26
23 79
249 1
67 79
289 10
126 79
509 4
598 79
903 54
815 79
709 8
941 79
166 2
59 79
881 16
769 79
258 3
663 79
723 1
306 79
379 0
719 79
452 0
285 79
84 55
425 79
568 10
718 79
614 1
803 79
938 1
500 79
566 0
638 79
668 43
322 79
737 15
214 79
644 17
747 79
850 5
88 79
977 0
22 79
730 1
117 79
168 23
171 79
151 64
792 79
398 7
411 79
911 28
355 79
398 6
289 79
623 12
569 79
31 1
173 79
461 36
699 79
629 4
291 79
331 21
365 79
808 2
152 79
746 38
164 79
525 9
60 79
825 0
566 79
210 1
730 79
857 17
516 79
15 56
320 79
716 61
272 79
477 45
473 79
485 5
256 79
978 2
402 79
620 6
109 79
78 0
94 79
929 4
36 79
967 66
974 79
951 2
337 79
795 20
729 79
111 6
206 79
527 27
618 79
359 1
1000 79
613 0
686 79
174 1
840 79
876 11
442 79
868 1
461 79
422 62
727 79
865 18
589 79
525 21
667 79
117 10
333 79
628 18
587 79
629 0
820 79
223 15
487 79
963 4
811 79
676 0
463 79
251 0
612 79
384 1
194 79
422 2
197 79
523 65
747 79
814 3
607 79
734 19
947 79
963 4
255 79
417 1
872 79
277 10
434 79
920 15
654 79
821 0
159 79
367 32
599 79
749 21
563 79
683 9
865 79
571 16
601 79
323 8
757 79
888 12
596 79
328 0
997 79
874 17
388 79
609 49
605 79
858 13
872 79
4 3
415 79
620 5
61 79
805 2
198 79
165 1
308 79
257 0
751 79
696 70
258 79
583 56
598 79
106 4
416 79
251 7
455 79
538 17
450 79
102 8
366 79
410 46
990 79
830 8
432 79
54 0
204 79
712 6
607 79
397 2
362 79
206 0
649 79
473 16
469 79
225 27
733 79
779 25
987 79
519 18
984 79
336 2
46 79
370 7
235 79
904 16
1 79
655 8
973 79
172 31
701 79
244 7
541 79
84 31
376 79
896 67
917 79
300 0
507 79
813 9
205 79
355 2
684 79
99 0
500 79
765 16
551 79
587 0
135 79
394 1
566 79
17 36
469 79
935 6
193 79
767 4
95 79
323 32
926 79
812 0
790 79
842 0
202 79
820 0
926 79
417 0
762 79
278 2
406 79
472 0
834 79
945 8
312 79
471 1
230 79
584 38
778 79
28 0
905 79
371 59
913 79
133 7
596 79
455 2
73 79
435 20
459 79
430 0
616 79
732 9
150 79
970 7
451 79
576 54
974 79
806 5
75 79
604 0
946 79
143 6
912 79
5 33
62 79
785 29
756 79
51 42
310 79
150 8
456 79
976 17
724 79
904 1
12 79
488 65
61 79
134 8
22 79
108 12
434 79
230 10
814 79
984 68
120 79
680 4
969 79
737 5
586 79
592 38
903 79
352 18
264 79
209 13
21 79
662 1
783 79
102 0
868 79
99 10
292 79
236 0
39 79
188 29
156 79
121 14
267 79
837 13
510 79
399 43
103 79
86 0
69 79
229 40
366 79
769 5
675 79
629 55
107 79
920 26
355 79
49 36
581 79
167 7
115 79
116 27
488 79
53 62
972 79
421 19
539 79
529 19
37 79
904 16
699 79
237 18
899 79
380 13
763 79
504 33
663 79
232 1
809 79
645 0
956 79
355 1
35 79
529 3
253 79
847 3
594 79
632 3
722 79
737 19
216 79
646 1
240 79
399 60
685 79
998 1
196 79
167 1
132 79
153 19
810 79
745 3
23 79
363 0
878 79
225 6
45 79
275 1
919 79
160 0
229 79
955 45
461 79
694 50
655 79
589 0
726 79
847 0
795 79
884 10
381 79
37 34
444 79
454 32
793 79
624 15
189 79
667 41
142 79
794 5
914 79
342 60
409 79
783 1
766 79
843 6
301 79
663 20
949 79
921 9
654 79
998 2
270 79
907 9
23 79
6 0
117 79
367 0
605 79
522 23
848 79
711 31
27 79
830 0
715 79
619 2
75 79
759 1
772 79
785 58
665 79
764 1
968 79
706 14
610 79
144 8
674 79
736 1
790 79
997 15
653 79
949 13
425 79
377 0
640 79
864 65
202 79
321 22
729 79
970 3
945 79
57 7
29 79
691 0
652 79
91 1
744 79
887 24
605 79
378 1
990 79
1 41
388 79
614 3
784 79
617 11
530 79
195 16
7 79
636 3
217 79
962 9
362 79
499 0
416 79
257 11
277 79
182 22
276 79
383 2
430 79
177 4
248 79
593 3
804 79
5 4
285 79
937 0
174 79
943 56
327 79
33 18
396 79
791 0
301 79
694 6
551 79
797 1
306 79
680 0
57 79
34 17
213 79
236 0
965 79
717 9
499 79
523 3
730 79
566 77
613 79
550 48
382 79
728 5
67 79
906 0
976 79
415 34
599 79
321 4
489 79
388 5
512 79
155 40
139 79
901 3
277 79
770 68
135 79
378 3
760 79
461 17
201 79
766 0
1000 79
971 42
185 79
423 54
511 79
664 4
511 79
221 4
875 79
630 54
188 79
608 52
742 79
467 26
653 79
324 1
344 79
681 11
66 79
643 2
662 79
262 0
172 79
175 27
129 79
163 14
906 79
42 0
772 79
818 6
891 79
834 7
834 79
534 6
11 79
555 48
788 79
902 46
394 79
742 26
157 79
926 1
716 79
877 11
779 79
491 0
853 79
598 5
254 79
864 9
310 79
389 1
416 79
794 14
620 79
608 14
825 79
255 54
725 79
689 18
716 79
421 15
705 79
930 1
369 79
411 0
68 79
228 6
906 79
404 3
619 79
634 2
891 79
995 3
384 79
579 2
976 79
465 10
939 79
554 30
418 79
710 53
791 79
398 75
918 79
854 14
989 79
562 19
621 79
252 4
298 79
954 10
366 79
469 0
944 79
488 3
638 79
275 41
519 79
789 49
46 79
881 0
496 79
533 0
51 79
167 5
148 79
171 29
99 79
892 3
530 79
937 4
483 79
345 4
608 79
512 29
327 79
504 35
690 79
594 1
498 79
467 0
395 79
887 63
804 79
594 57
769 79
136 5
877 79
27 1
49 79
570 13
673 79
796 6
450 79
795 1
917 79
903 0
90 79
978 34
556 79
890 1
862 79
592 4
790 79
928 1
677 79
472 27
113 79
48 25
165 79
969 43
767 79
682 15
605 79
852 56
546 79
762 4
640 79
124 4
976 79
330 1
379 79
405 0
968 79
732 10
709 79
246 14
191 79
170 27
637 79
169 30
530 79
636 57
1 79
368 14
747 79
714 4
175 79
199 0
963 79
325 1
804 79
954 9
741 79
752 2
993 79
739 1
225 79
717 29
992 79
703 2
372 79
353 77
865 79
457 9
363 79
761 1
659 79
705 70
224 79
184 14
153 79
429 22
651 79
495 70
439 79
950 17
802 79
799 1
443 79
18 21
829 79
917 5
295 79
106 2
706 79
348 5
483 79
24 0
487 79
809 5
292 79
485 3
497 79
365 0
942 79
202 0
122 79
721 13
135 79
575 4
992 79
703 3
689 79
96 0
368 79
700 10
842 79
139 10
809 79
413 10
195 79
10 3
150 79
592 32
154 79
18 0
221 79
556 23
983 79
285 2
899 79
973 3
327 79
729 20
837 79
183 30
948 79
18 14
98 79
746 8
870 79
60 8
765 79
775 46
503 79
61 48
918 79
248 1
341 79
147 35
934 79
739 2
43 79
539 1
132 79
132 66
240 79
381 43
92 79
553 73
134 79
494 39
389 79
633 4
27 79
93 4
216 79
68 14
183 79
405 1
484 79
781 26
617 79
218 2
247 79
639 12
118 79
215 0
164 79
43 73
284 79
346 1
562 79
672 16
316 79
927 0
351 79
777 2
740 79
272 3
511 79
737 24
836 79
302 48
843 79
531 20
381 79
156 1
321 79
99 13
890 79
804 13
173 79
104 11
675 79
484 22
244 79
557 27
842 79
505 0
571 79
564 0
824 79
785 13
964 79
28 10
587 79
659 51
189 79
662 0
298 79
364 23
494 79
939 14
68 79
559 18
12 79
11 1
630 79
10 3
214 79
149 19
311 79
821 16
438 79
379 71
800 79
725 0
35 79
328 69
53 79
758 42
32 79
306 32
143 79
556 0
201 79
213 0
650 79
752 0
974 79
418 8
227 79
597 44
710 79
790 22
874 79
69 4
255 79
775 34
114 79
705 21
703 79
943 0
978 79
880 6
292 79
715 0
171 79
760 7
580 79
48 4
723 79
129 16
84 79
611 8
801 79
