1642
268
1148
818
593
1512
159
1252
1573
113
592
358
600
247
38
226
60
288
1120
599
38
1331
628
644
1481
1239
1423
1239
600
791
984
311
267
1553
1273
304
823
16
1222
1130
388
1295
1551
1154
216
121
1423
565
1448
126
1126
566
885
1329
1481
1447
1249
922
764
689
261
247
839
1402
38
692
990
471
1222
288
1551
312
1163
975
708
159
190
1158
879
1249
1205
450
1266
1477
1326
226
1423
67
1609
1573
1329
1500
1064
1329
490
322
793
1549
961
1551
1539
1481
114
1329
636
1043
593
1249
764
1035
443
440
38
38
714
1551
1326
1249
860
1462
916
463
592
429
1266
1477
791
1295
1609
1083
78
986
986
113
1186
860
600
608
893
1462
1158
1423
1500
1163
1423
1239
254
1561
1331
1598
1289
1222
608
885
385
175
226
1454
831
1104
1227
1116
429
1289
508
29
1266
765
878
1447
175
1287
284
765
1551
1346
1187
544
1064
1423
1164
1609
604
961
284
1317
1439
861
652
765
1462
1573
1624
566
765
1500
1624
1447
1624
628
878
608
1446
1549
1324
284
385
920
203
146
1067
879
385
1553
1289
285
1359
1015
592
1031
806
831
875
1462
1500
1300
1551
148
288
818
1296
78
1447
1035
1120
1581
490
1564
113
598
1637
1207
1462
1158
1346
1035
459
1573
1329
113
287
175
1273
1249
607
1573
1336
1329
1553
817
247
999
1561
321
765
190
831
1285
367
855
1035
1423
1295
1279
1273
490
1368
566
1000
1561
284
429
1360
811
1249
230
1629
727
878
1158
1148
764
600
1336
608
1058
1064
1035
190
608
1336
981
175
37
1334
1148
1326
1447
1183
968
903
1355
823
490
608
1076
1249
860
961
885
411
1179
975
161
1551
628
385
1561
247
187
1295
1326
1035
490
920
1326
113
1455
1462
1368
823
597
628
247
960
1242
921
1353
1035
1573
1462
1336
1368
190
1148
1624
831
1222
565
385
1457
1368
50
450
1086
592
1249
679
860
592
1447
592
126
1295
1561
920
1058
111
628
1573
1252
113
1462
1035
38
490
1370
1250
1127
1289
288
433
1462
226
469
1158
1346
599
860
878
1500
1064
592
1368
628
592
1368
459
190
288
1222
48
1609
628
793
1479
855
898
1289
523
1158
1326
878
1326
831
134
592
1481
1326
1423
1394
1222
640
889
1242
175
1239
1609
960
17
278
308
831
397
1035
226
1044
358
1003
625
1394
434
17
1064
1222
490
1447
974
490
1148
180
1462
1249
161
1064
1573
1609
1015
134
1339
1429
315
1289
385
818
113
1035
1289
1614
288
96
860
43
771
628
429
1249
858
1630
17
17
960
459
134
429
1222
1329
1239
1462
217
490
628
1553
113
113
1374
202
1573
1255
1148
43
608
312
1326
1366
1481
463
1423
1158
1326
1249
572
1423
913
1472
1222
1624
1516
885
226
1004
175
1249
185
1439
417
1015
231
1567
450
1295
1550
1080
1158
1241
1624
592
38
831
277
1539
1358
625
38
1015
1289
38
217
793
1346
672
1035
1326
175
288
676
1022
758
628
600
113
1462
549
579
1035
860
885
220
1462
394
831
1481
889
59
1533
592
1508
1477
1394
1500
459
806
1064
1516
1249
415
1551
303
1531
44
831
1122
1529
1064
1260
277
595
1175
961
986
1372
175
1031
1417
38
1624
878
1035
597
782
429
1500
1462
1336
1609
1195
878
1252
1295
288
1266
1609
1326
549
226
247
599
1329
247
1336
1287
1266
1336
960
177
700
377
600
17
791
1612
1252
110
608
1609
1252
961
878
1549
1500
1329
1252
1266
863
885
1553
1133
600
190
592
237
818
1555
1500
1573
215
1437
1368
1342
1251
628
1279
38
1447
836
1329
793
190
1130
1360
1252
113
1376
1423
1035
960
1158
1138
572
1329
1301
1544
190
1422
1289
1549
1346
1329
138
885
831
1573
1447
1447
283
1145
460
434
960
1239
1561
793
1273
429
1561
628
613
1584
1447
765
1346
1633
38
175
1148
1022
1249
175
1158
1239
592
1020
885
1368
885
1346
1573
999
1266
608
460
1327
860
1310
1273
1418
791
1035
715
226
190
592
818
961
920
1329
1289
818
1423
1512
608
1554
1035
1423
1370
1368
1424
1346
1295
175
602
552
1005
818
1222
991
1329
1289
1624
1346
764
959
675
867
385
831
284
17
1457
429
818
1389
1551
818
1195
1117
1169
1346
1104
157
818
391
226
190
1462
38
247
792
1553
1158
860
765
1064
781
429
765
628
1266
1567
1624
1573
226
126
878
1462
17
309
600
1609
487
703
566
1567
284
1064
288
1300
1561
1423
1624
974
1485
204
600
1273
1065
1064
1064
535
831
600
482
261
83
78
450
1624
312
1553
885
1512
1130
164
1295
113
387
1158
1148
1035
1114
961
1222
231
878
961
284
1553
1368
566
301
1222
429
329
505
1629
600
1301
1289
731
1273
1512
831
1331
751
1346
288
930
1295
600
1295
1368
1063
1447
23
1249
1273
1001
608
1239
956
1630
241
40
700
1249
113
226
818
1612
1329
1137
1326
121
1624
1222
1368
765
592
284
1447
600
960
78
791
600
1507
1169
1252
906
1158
831
1573
508
1336
1624
1233
57
1266
1542
1467
1158
960
1163
885
1295
765
1346
1104
514
1035
1624
1553
1346
1015
1612
771
1160
217
1551
1239
304
644
1148
628
188
1545
1028
1372
247
765
948
1403
818
1266
1222
1239
385
975
1064
1527
958
235
600
337
601
102
1447
1608
1368
1312
1462
1273
831
1423
1239
1205
1614
347
1080
885
1468
176
828
1462
700
1237
1551
1035
572
640
1346
985
628
1329
284
628
284
1336
1273
1551
1447
1329
600
892
358
284
919
1103
1266
259
1573
1205
320
226
1222
385
175
38
1533
429
831
17
226
573
1447
863
1561
1293
1148
600
600
592
175
231
1318
284
911
1289
1423
860
769
670
1368
448
566
793
533
38
600
600
974
209
247
818
104
597
1398
1255
976
220
1629
818
1133
432
1429
1326
604
1222
678
1551
1368
490
429
60
322
1273
241
1103
226
1252
577
247
1009
860
96
1239
66
250
1064
860
1163
1630
1273
1227
1239
1447
312
364
1601
860
1346
1554
288
961
1286
1265
175
1423
50
1158
17
836
831
1266
872
1064
592
1439
1326
608
1017
1500
878
1629
1067
96
1462
1447
17
716
346
1287
885
600
1447
65
148
831
860
945
312
284
600
1151
1186
1064
764
208
1058
263
608
1554
1481
310
592
986
288
878
113
1329
1289
1481
1336
312
175
96
288
1016
386
1551
1064
1293
1064
1249
771
1336
785
1331
1561
1028
322
1423
818
1573
846
1624
190
204
1289
175
565
921
608
1096
1336
190
1329
567
247
1368
129
1025
612
1286
1114
121
1336
781
284
190
560
32
1624
1423
284
1170
1266
961
1035
765
1358
961
1239
175
17
1081
385
1368
600
697
860
961
878
429
277
600
1439
960
284
434
806
190
1551
38
1553
619
755
1224
640
175
1429
1252
113
1133
1624
113
780
867
1329
490
121
182
1158
1252
975
1252
175
1561
831
1598
1043
429
565
1553
1266
113
678
741
1021
828
1326
1553
429
1207
59
385
1266
1004
161
1252
1148
126
1346
765
593
600
592
960
608
524
1239
1551
1189
755
878
190
765
1295
385
1015
1289
879
831
222
1370
386
1573
1289
855
506
753
1346
1462
1457
1346
1295
240
831
1336
1561
1044
1326
1598
823
1633
1336
441
1336
1035
1058
600
1295
1553
885
164
1391
831
1614
592
646
385
362
83
17
1058
878
121
885
1610
1553
226
1423
120
63
288
1447
490
1326
1289
1624
592
1158
165
628
329
771
226
1193
700
1346
38
1481
1316
1481
955
1242
791
1044
1551
450
1326
1368
592
358
1447
175
1368
62
860
1080
1481
1447
1500
87
1346
463
1091
1500
1007
860
860
38
960
755
701
1098
38
311
1500
1064
1481
818
1609
246
961
175
134
776
1049
1553
1462
1158
1269
1360
1249
1064
385
980
239
1117
818
1239
1205
226
628
1108
961
1481
38
1249
1028
1130
1462
592
592
175
885
1336
1300
273
1561
765
1028
113
1252
878
508
30
684
385
1326
1170
1130
1368
1624
1289
104
1273
961
304
43
17
1273
175
1630
38
1158
457
113
809
17
530
1158
231
1148
1289
1273
818
1533
1318
288
362
801
818
1216
1570
247
1346
1266
74
1478
247
846
1148
148
541
818
818
1252
549
1545
885
1462
180
840
1195
175
159
1624
781
1286
592
113
1273
1148
1301
429
791
600
878
38
1052
1336
385
1599
782
1058
818
1266
1295
1551
1573
385
860
1429
1462
1064
490
606
1412
960
419
628
961
190
552
247
1240
1607
608
1443
1295
610
17
18
961
1329
1447
600
625
1329
176
247
831
860
288
1500
592
1064
134
459
1035
1609
1463
1500
1064
78
1046
860
226
625
1287
961
