6626
125
383
2574
1628
4598
4029
898
70
6378
4824
796
3332
5956
2565
2915
2237
1253
3161
3416
1832
5109
4293
3592
635
5692
644
2216
4880
6236
4903
3306
6472
1185
958
2562
4547
5302
749
3756
4111
653
1046
2396
5207
4864
2824
4660
5547
1846
5612
4397
3863
4853
2827
6231
4936
1669
4569
2627
1344
2692
2754
1603
3743
6004
4013
4910
4349
234
1067
3278
1580
2877
2358
1959
6527
4823
604
4324
5451
3457
2655
4730
6581
5952
6418
2098
5370
2770
1194
5492
6237
3398
3836
1961
478
428
589
1665
3337
6189
3958
5899
745
250
4229
2773
75
4259
896
5761
6453
5101
1326
4594
1193
6219
5116
2802
4532
811
5334
533
2286
4097
1168
2047
1774
1194
5430
3453
602
5842
5889
5415
3393
2143
1740
2968
3201
5250
1709
1258
4091
2958
3401
4263
5797
809
4036
2070
1575
3008
2689
2481
1961
4038
6243
5361
5680
6481
6603
5624
5486
4551
5645
1762
2519
6393
3860
5301
1106
2577
3812
5205
3163
1468
1829
6007
5727
6502
3374
1583
2734
3477
2262
5621
4105
6298
4657
5734
6459
4102
6613
3154
3112
886
1196
4471
4405
5208
5711
1379
4
1033
4111
5293
6116
2873
2138
2776
1347
1100
3201
4377
630
4283
994
2089
4277
3741
6534
1737
3817
3235
3338
2827
5661
5966
2042
720
369
6102
2977
3175
3595
4108
6269
1806
1542
3114
4443
6541
2453
2029
4609
1180
3786
6540
5240
2160
4546
5350
6507
2604
6064
3874
3046
839
54
4851
4352
4071
1088
4455
6543
5716
4816
3652
1808
3322
1331
4267
3165
1328
5927
827
2500
3202
5628
249
4057
59
5530
5212
835
6349
3413
94
4460
45
925
2768
3700
1909
1127
758
6186
5080
3086
3380
3404
6179
4429
4484
5394
674
1474
1530
6373
4402
6374
5178
6607
559
649
3449
68
4191
4408
3944
1271
523
4759
1611
30
284
4235
1188
2563
886
1130
3791
1984
4565
2011
4109
1150
3623
3906
115
1439
2809
185
5823
4424
1947
1546
6547
2872
5722
5769
1644
1553
1333
40
4643
3370
5456
2423
6417
2949
5676
4503
1589
1044
4158
5087
2545
3554
517
5467
4459
764
1217
5422
6228
1978
1613
1821
4732
5183
1760
3708
2112
1886
2305
5279
1103
3347
3968
280
743
2887
4528
464
2858
3297
1330
4948
6137
3336
4641
2843
862
2931
4383
5206
4889
2744
2108
1889
1928
6062
3993
1920
2964
1769
6257
3852
4858
472
3904
416
662
2009
1244
6205
2565
2649
6336
185
3957
6209
822
3489
2241
4942
1854
143
4343
3534
586
2169
4721
3568
395
1960
1469
1214
1308
13
5096
1369
4244
2787
3896
343
6109
2056
6086
1724
6089
333
348
1417
2538
407
1360
3315
4788
4063
2881
1713
6132
434
1172
4373
313
1532
2613
4409
445
5553
1652
662
5021
2101
29
5254
4772
568
4008
1075
2055
6128
4216
679
1815
6624
5764
2322
3926
4540
512
2104
4872
5701
733
1997
908
556
3491
5650
3008
4042
4236
1927
621
1955
626
6420
3758
3483
4027
3314
5007
2530
6587
2693
3430
482
3950
5793
2600
4159
2038
233
2109
6419
4961
4366
4979
308
1599
4415
863
2100
4190
2268
1237
1445
4540
3662
4206
5345
1004
6382
4791
5801
1862
3792
4272
1222
1364
4995
2975
3915
951
4294
5848
361
1974
5470
3097
886
5129
4935
1568
5406
171
468
5127
5579
1566
5148
5151
4287
4914
6027
3277
4744
6018
1158
6415
933
1412
4928
3225
5747
2632
1571
1215
5270
6304
1537
3013
1005
5970
5980
3273
4479
3563
748
3840
4871
341
1365
6345
1585
623
2509
1115
2359
1237
3357
260
6476
6584
5012
6431
133
5545
5340
4550
4199
1352
1143
2531
49
3511
1826
2430
1784
1578
3420
3359
3034
85
5329
4473
2196
870
2238
4870
4629
5710
2266
4601
4302
6484
2541
2337
881
3388
2279
4241
638
6221
994
6454
170
6333
5847
5876
2051
1653
4686
4281
2566
4403
3139
427
1637
1066
6423
4597
6411
1409
3987
6127
3187
2573
5796
2700
542
2387
350
759
3811
5967
3265
2310
2448
4455
2293
5783
5694
6073
6350
5798
5953
6210
5675
3950
402
346
2326
1252
5755
2511
5908
4043
32
358
2940
291
4314
4553
3407
679
360
1212
4046
5678
3985
4123
5757
992
4326
5677
3886
1639
36
2186
4539
969
845
1007
4515
1641
1645
696
5941
1996
3133
2851
4527
628
5096
2110
2432
2179
5532
3270
935
3639
652
1081
5190
6055
6436
3138
5314
3716
6448
4368
5174
1444
3363
132
5165
5930
3143
3767
6214
1554
2193
5584
5439
339
4359
4716
3734
1524
1038
5923
5537
641
4842
3397
6171
3872
3641
3333
260
5744
682
6541
4696
4948
4743
4866
856
3203
5355
2006
399
3518
1784
4025
3313
6085
4958
514
5381
5983
1238
4675
1248
1767
2489
3877
4776
2602
3041
3625
3532
1998
1604
5331
1171
1210
3500
999
6572
2251
886
1475
6167
2499
4900
334
4361
6025
3640
2501
2095
979
331
1215
2005
1594
5202
4829
1618
4820
2598
5225
4656
3624
3284
738
2729
4989
1992
809
3293
1968
2751
1357
5660
2604
3715
443
2930
5075
2075
1142
94
2406
3081
5554
5035
4071
1227
5401
1016
6223
3482
4564
1078
6322
6012
5335
5934
4308
3324
76
928
2847
4442
5005
3940
5994
1118
1493
993
2955
5183
4229
996
6376
4799
4436
357
2533
6529
3682
2045
6118
5096
4491
5836
2411
2393
3055
6113
2265
5937
2614
5527
3505
6368
3360
580
1507
6545
2170
3120
5402
5254
1672
1368
4680
801
3111
4298
2092
3692
5559
1443
5963
1269
2924
1453
2183
5911
2355
2212
6616
410
1359
4076
2945
3917
124
963
3481
2672
4589
814
1338
2604
4574
3361
5969
1866
2386
288
28
5049
5091
5293
5278
4224
2512
1372
6375
3703
2543
2454
2917
2361
138
507
2561
5550
1341
6410
5345
2930
6296
6402
5973
4999
4504
1215
924
4780
709
5096
1501
2184
1658
5996
5217
2427
2088
526
3739
5358
565
5497
211
3596
5127
5465
6201
3573
1776
468
4611
5689
2847
5028
5663
455
1304
4240
1681
5635
4238
1896
5048
4921
1250
1677
3586
4952
1497
3219
4083
1952
5232
5176
5186
2922
1301
464
2771
3694
3643
2256
278
3269
5683
5831
6046
687
3789
3281
157
1662
3868
3462
2420
6524
160
5688
4827
1097
39
179
1784
942
4393
2973
1692
5560
2445
1425
1563
1855
5218
2072
121
2946
4560
891
2797
1754
6609
1087
3069
6579
1263
5891
2852
3497
2669
21
5154
4732
6589
4122
5819
3377
792
6605
6301
6183
4861
4536
450
2024
1782
6091
6392
5479
3319
3469
422
5662
4828
4421
1478
4700
3155
438
1359
290
178
2013
3394
6595
1431
2866
823
2633
1289
5753
5709
640
3125
4428
5623
681
4354
1661
306
1122
3809
50
2449
4642
3125
1660
543
3271
261
4350
2750
4676
6030
3126
3225
3335
2566
2491
5670
1190
5034
5190
4686
5781
2643
3512
3903
1763
1146
250
1056
2294
5404
5953
4752
5853
3021
5791
3870
4855
2734
3757
1947
1597
172
810
5736
3119
1151
665
5044
5712
1523
4089
4883
3680
6585
3946
2711
3304
2930
3884
2059
4498
1433
4451
2443
1424
5486
1521
5360
454
4040
3823
2566
4410
4138
5780
2981
5939
6495
6626
1759
1730
4176
1129
978
144
4742
3951
3192
4445
169
3099
139
2132
4420
5943
2050
6157
3001
1909
5664
4341
175
1136
2416
5577
3003
4096
541
1109
578
2240
15
2718
1467
331
3496
171
5961
1113
4239
2463
57
1498
6412
4558
436
2808
3966
3653
869
590
1831
4859
110
3606
1933
1382
6
3048
4406
2278
4948
2036
6198
4982
1580
2771
3657
2668
6203
41
5322
5531
4327
6406
1646
92
6242
1422
3072
5368
2698
4682
2268
4713
4003
1675
3501
4056
4076
975
2156
3809
4939
2674
4337
6600
4176
2662
2743
4085
2246
6574
6623
6557
595
4915
1824
253
4450
3535
904
5244
3870
467
2012
3334
6110
2283
5133
1883
335
6590
6503
5345
5437
1823
2630
2125
6211
3809
4706
6247
2390
1972
1096
3791
5874
1710
3107
2121
4564
6035
3994
6469
4484
4900
2719
4156
6559
5268
5726
3281
1550
2831
2197
1727
4089
1261
5896
3128
47
2310
1869
6478
200
1181
6280
3015
4266
1154
1334
1554
4223
2341
4596
311
263
527
6526
5372
120
6054
3785
3844
3950
834
855
953
4082
3910
1643
2505
241
991
3594
8
4292
2159
5288
1820
166
2234
4022
4918
1689
3386
2854
6512
4646
3791
6130
1554
1543
3182
1163
1064
4705
1125
3665
6057
5114
4604
4037
5254
1947
5351
5592
3737
4087
1880
4035
4369
5959
718
3711
2080
3455
2018
2972
3576
894
4931
1280
1026
2207
2335
4850
2331
5125
6517
2707
100
2897
5582
2365
716
1935
2845
4124
5574
6176
6429
3931
2477
2444
1381
4693
2713
823
2541
1046
5192
981
3759
439
6293
4356
1031
6270
3439
3538
1949
5100
1464
4062
5316
1985
1350
5940
4289
547
3095
6458
2974
593
5459
384
1793
104
797
886
4677
3446
2994
4925
4608
5785
5155
2892
927
4749
2566
4947
162
664
6165
6233
1307
244
2636
6175
2284
2988
1656
3492
3736
231
2633
6457
2136
5568
6292
2381
5782
292
1751
3212
1962
293
2601
219
5046
194
5036
488
3966
4980
79
693
4669
2710
3169
5494
1155
2232
4689
3254
954
6083
309
4095
4552
6370
375
1893
4860
3556
5808
884
6319
6621
1120
2663
81
3090
2762
3927
2346
4665
5284
5729
5909
4390
1024
5859
2878
1155
1714
6614
655
457
4873
3619
19
3422
524
5684
1530
1779
1090
5128
2989
6288
3346
4070
1710
1191
2989
4047
3426
836
6194
3167
2594
4514
6226
807
4745
900
4021
3543
6300
3802
2736
2521
2542
4243
2077
3427
812
899
2672
5054
4398
3394
221
2471
6021
1459
3770
3846
2150
1979
2351
3317
2498
2493
3822
3754
2997
6093
1586
4416
165
4630
982
4168
766
6588
466
803
6341
6101
5917
5384
5295
6267
3547
2116
2483
3132
5132
6424
1711
2581
203
2704
3959
5690
4256
3238
1063
866
1094
2682
6122
3945
6067
4813
4803
5655
2654
4058
3226
2191
3712
3012
2757
1668
4637
1640
3876
427
2637
596
3199
459
1961
4143
6491
960
6438
5167
2950
6371
6326
5082
4780
4568
4717
2840
3821
2705
2541
298
6111
5213
4955
322
6566
633
6434
3907
5184
4076
1414
359
1134
4320
4971
154
1075
4132
5047
5523
3237
717
6565
1401
4310
6316
5735
6369
3928
3059
6317
772
1593
3724
2516
1632
125
5064
889
6208
1400
6021
3725
2919
3196
4667
2330
5029
2137
5813
4981
2362
2978
4834
210
3697
125
5844
44
126
1915
5304
5396
5998
6351
6312
2174
3750
128
5277
1917
949
3445
1870
1700
3983
6303
1361
3286
3636
4837
4101
3661
35
4644
2269
6515
345
5570
3843
2014
4555
260
5593
4706
2464
6392
1437
4957
3738
1160
3525
3229
1960
3504
2986
426
6399
5376
25
102
3299
3358
2557
2676
5695
6129
5089
6272
1176
3768
5389
667
2048
6156
4722
283
5857
112
1022
5175
4494
1696
3685
3300
250
4075
851
4655
2775
2659
6389
4841
3967
2926
299
1755
5276
6068
354
4328
4572
976
3539
2803
907
2134
2466
4693
2233
5921
2824
1917
2132
701
4515
168
2015
5935
6621
1977
2815
4456
3976
481
3349
1753
356
2810
3165
5989
250
816
6582
4652
204
5026
4882
3170
2490
1447
4164
3873
3212
5869
5881
6290
2260
5432
3195
6053
4262
1114
6173
4204
3973
685
6578
97
6561
2470
5052
597
1542
2
4136
4701
2628
3125
2492
4783
1950
324
4727
4779
1419
5539
3841
645
2020
4787
6136
1484
6556
4987
2692
3733
6394
4321
2333
4524
1833
5544
1603
5945
5504
93
3129
2665
6101
3010
4543
2957
3924
4592
1108
6497
3829
2528
4440
5581
6088
2835
6244
6071
966
3363
3451
5006
2714
4687
798
4226
3188
1323
588
2380
3043
746
1477
4633
6621
6077
4090
222
1363
4197
3961
893
2125
3232
460
1530
868
1879
5947
4468
199
3664
2856
3663
2886
5050
4172
2925
4333
1750
1229
994
4732
2345
3888
4853
5289
40
4295
5307
6220
3038
1494
3369
481
3494
1592
6357
3637
403
257
6571
1622
4795
2407
2811
639
3947
4145
2008
5073
1997
2686
3162
5604
1867
3456
3417
1900
5662
2320
4098
5978
1296
2848
1568
3480
5156
2447
6398
1398
4738
6591
5319
4972
4449
2252
5068
6070
5082
1366
69
2597
4385
1264
4489
5721
1567
3816
1415
4516
1761
3363
4305
6591
1785
5636
2635
3726
1695
469
5152
3793
5861
2454
6461
887
2315
3601
3
121
5254
3964
4923
604
3310
1919
4924
1961
2582
4664
1716
5123
4210
5851
5790
3363
5597
2401
5711
2763
3990
4980
1446
1084
3362
3865
1840
2215
5752
5090
3902
508
5914
886
4263
3272
1876
1086
2236
5299
5656
427
4157
6325
3809
5608
4970
3345
4898
2541
3766
4089
1518
424
2085
1892
5444
3281
1828
4714
1435
5047
724
260
3039
2904
1752
2052
676
6302
6016
4519
4220
2865
3627
5301
4561
3222
1678
1335
2990
5558
957
5045
3561
514
3354
2580
358
2332
3918
754
5756
2054
3568
5796
101
1629
4134
2779
3916
180
4314
3234
4610
3678
4201
4078
1075
3103
5077
3791
24
1649
3379
2807
6317
3943
2130
1022
499
5918
1539
4564
6015
4195
3980
5298
6274
3674
3472
3134
3396
939
3283
5480
4054
5916
2271
3809
582
2604
4186
4472
2685
1424
1630
2352
5648
4541
3268
3882
5016
4400
2473
296
3809
477
3367
4654
242
2890
884
4422
1266
1913
2394
3630
4774
1424
6187
2916
2168
679
1230
5590
4775
5282
2793
5377
1635
6134
485
1077
3273
2129
3501
1819
713
823
5915
4045
3394
3106
2672
1983
3057
193
1918
5924
1278
2517
4034
5806
5137
6620
5420
349
1768
5954
4006
3349
1424
5724
1830
2604
1956
1873
6184
2749
3546
2111
6162
368
2297
5121
2740
2032
1587
1857
4930
4453
3791
2045
5650
599
854
3341
5228
5292
2344
6321
6552
474
6568
4666
475
6485
5364
6478
6155
624
1976
4016
4079
2716
325
6575
119
3732
1083
723
5188
2192
5595
729
4690
4763
4179
1092
5814
3249
1109
1581
4122
5510
481
4477
5760
3269
6604
374
6486
2763
6511
753
4953
4447
3218
3173
5981
3979
6311
4052
83
660
5141
3145
946
727
5647
2373
3009
5731
1169
1620
940
1511
5827
337
1939
5906
844
4916
1311
3714
2847
2178
722
6555
2592
128
3399
6309
5866
5652
742
5463
1411
3084
304
2880
420
3208
2023
2847
4894
275
537
6268
114
3014
4768
5926
3045
1942
2242
2849
926
5567
5489
884
6191
4940
3299
2963
3121
4446
6611
6357
5374
6621
647
4311
2028
1989
3087
4484
905
874
4044
2874
6596
646
4517
793
4571
125
3666
3316
3687
1440
5223
5505
4812
1420
1397
364
96
2816
6315
3837
5229
5491
4770
5494
2323
1595
613
1403
5693
1086
1642
3436
2608
2910
4661
3609
3130
1204
3672
5453
4581
853
4533
4938
4218
3970
5201
6258
1986
5549
5566
3233
2847
1712
4146
5
254
2878
331
3093
3959
4918
1291
1725
4628
3886
1137
1684
1074
294
5867
3558
4103
5886
1541
1179
1605
719
6145
627
3603
4352
4140
1160
6450
5476
3091
5720
1162
4479
620
5286
617
5762
4832
4765
2596
6513
5431
2821
4757
4136
5548
3495
2592
747
33
405
4504
1512
5265
2833
2434
3666
2722
3920
642
5812
239
2624
5183
6508
1148
1788
1098
5751
3635
4455
5072
2745
5679
398
320
741
3686
1825
2841
5474
149
1965
1255
5841
5246
562
2190
2329
3026
6494
5081
858
376
1728
282
3200
5535
355
1852
6212
6563
4587
5279
246
4649
3577
3565
4024
3260
4548
2937
4203
252
1430
5236
3450
4715
2438
84
2527
2541
548
3032
2582
5226
2979
552
5098
6552
427
5337
6505
2587
5127
3553
5580
4634
809
831
150
5946
1362
5182
5654
2317
4904
2026
2639
3292
4839
40
1561
6240
2993
6542
5691
1010
6185
1336
2640
5659
1109
882
2991
6477
269
5625
4671
90
934
582
1192
4913
4698
3189
1406
3734
6213
3466
22
1102
6017
2479
2424
4076
154
5047
4263
6357
1934
2576
4504
1540
5536
662
5047
2043
1051
38
1816
1972
6414
5359
3528
4572
5448
4194
6115
3133
4411
4746
5193
3760
6334
6475
2593
2490
3744
3370
4653
5782
4386
4875
2225
4862
5759
2635
1787
5362
4619
2595
5373
2125
2157
2046
5272
1324
6501
2203
711
675
4531
4907
4229
3073
5441
710
3550
307
3350
1003
2078
2364
5733
386
4181
3030
1108
1109
2633
3824
4827
5723
2298
2585
108
5966
5873
5958
3306
3856
594
555
1041
2002
6049
5067
6360
2944
6388
353
5022
373
5353
328
4156
3831
4697
187
3105
1626
2149
3144
3787
108
3780
6355
5082
6592
6621
2007
4980
4303
1635
2185
5639
4104
6531
4249
5104
6202
4219
440
557
614
6580
6462
5559
6112
3774
3008
5275
141
2541
3075
6077
4370
2629
6076
5804
2494
5961
1178
2784
4187
3109
1582
264
449
3541
692
4570
2289
4233
5197
192
4379
5875
2912
3194
2210
3258
472
5885
1218
4045
6036
5832
5931
2439
3435
5312
1080
867
4639
3797
2062
1687
5887
5279
2477
4605
1062
5822
4352
317
5135
3981
5194
475
6489
124
3376
1528
6596
3259
5283
3989
3382
430
1402
6281
3490
1423
3384
2016
3065
2889
5966
1720
4943
191
2914
4822
5177
1293
3178
108
3966
873
5613
1099
4659
5705
3782
1407
948
3972
5933
1588
799
3832
6546
5942
4782
247
4781
1001
1256
1197
1960
2431
6525
303
3604
3198
826
3013
5743
3281
6379
3002
808
5718
5000
3557
859
4513
5388
1436
1799
4408
558
4508
3377
2474
878
1570
3454
5020
2773
3530
1749
6001
890
643
919
4934
5983
6530
1144
4615
6081
2604
1636
4962
142
4710
6073
5249
5198
5379
533
1941
117
2135
2934
2764
91
421
60
4147
1228
1434
3628
6514
1569
4341
1369
1463
959
4612
5157
3809
1040
5001
1554
4854
2765
240
465
5326
3476
2384
2237
494
2057
625
1105
2367
5601
5260
1612
5254
6330
5142
2954
3670
3544
2001
546
4814
90
3296
23
2557
1982
1215
4208
6615
2320
5257
3677
5233
1841
213
4689
2607
1804
5488
5826
1619
5894
4588
6092
5486
4959
4126
6469
3650
5603
5371
326
1887
1959
5446
2065
2524
2939
4360
1924
1288
3288
2742
1534
1376
4479
4041
3763
5922
3971
2735
4684
27
5211
4990
3190
3390
4963
4890
1442
2641
1980
1270
5651
5685
1682
6289
1765
6034
3403
1397
1292
4729
2378
3959
4317
2134
1367
5457
4396
5888
66
5041
3610
512
3148
3165
2272
2829
6080
4946
2469
4419
1487
2603
6172
2314
5030
5702
2592
2211
4073
4371
5754
5209
986
5688
6553
4329
2379
501
4310
2735
37
418
1517
5834
849
2044
1135
5392
183
592
3813
2842
10
1917
6225
1593
771
4463
6343
3125
4152
1272
3651
626
411
2263
4128
3119
4651
6451
1690
484
2141
3309
1794
2672
775
4896
6154
4380
3875
4520
3074
6435
1990
4456
5236
5667
2228
3107
4065
3362
3286
5804
442
6148
1052
387
4683
658
5792
5611
3381
4725
3349
5777
2365
1837
3628
4583
2356
2155
5620
4149
5796
270
5345
3950
1295
1904
4792
4253
2992
782
3849
2324
1608
3224
6318
460
1593
6117
3526
6193
2930
5400
656
3810
6033
6276
6612
1015
536
6029
1547
818
4499
6181
2422
4715
4693
625
4723
1036
3437
3276
367
5960
947
2377
3974
5078
2235
6238
4261
2948
2446
2918
6533
2541
5235
3274
5170
4441
695
532
4153
4483
4362
6567
166
2338
5267
1448
3790
1462
2417
2817
6354
3620
5526
6177
1552
4490
6338
2286
447
5180
3959
3243
4425
3392
2767
6493
1143
1658
2528
5828
1811
3942
6170
2735
1723
885
757
2208
2820
4116
5855
4501
1803
1647
6252
4213
1401
1145
6331
257
2458
2404
3275
3300
697
5468
5254
5827
287
3897
4756
2037
2099
2898
4297
5136
2884
3255
3523
2239
533
809
5376
3922
2532
1593
2320
3052
422
1953
4973
5664
5645
4215
1789
2622
4312
3690
5524
4357
2436
4316
4475
4785
5266
2623
6420
3410
2666
4367
2022
4534
5407
6123
4372
5325
5120
5773
6405
3601
99
2079
3638
5871
6346
2399
540
5517
4840
417
4129
2551
879
3772
1698
739
3986
4810
3342
4904
4246
3682
4825
3385
2316
3893
4066
6000
1147
5614
1132
2310
2510
2123
4407
981
3005
5600
4485
408
272
5615
1183
2566
314
721
5383
6621
5015
821
3098
6390
5102
3479
2261
6463
5816
1468
5845
4365
2465
3929
463
2127
1930
300
6120
1929
475
1635
1486
572
3631
3115
4518
5065
4323
3718
2777
2979
3683
1872
3628
1160
4788
965
2061
128
4522
6133
3548
4515
526
273
1574
6372
5634
1201
4845
5068
496
3969
779
2270
5447
5827
56
3246
5040
903
1216
503
5736
4985
1401
865
2223
205
584
4201
4662
1732
3753
258
2114
6256
3318
577
2667
2923
2171
27
1282
5630
3102
1027
988
6421
837
2908
768
5043
3867
2735
3164
585
6586
3008
2549
3060
4848
1702
6342
1836
330
1424
3021
3892
3937
544
4813
2280
4118
4107
3967
1929
5145
3216
4117
6182
2267
4014
4332
510
2510
6010
5313
4863
3256
4884
3107
1591
4856
6066
2844
4077
3966
2771
3861
4614
4378
840
4753
2899
1174
609
1213
5556
3599
4229
3191
6583
3285
2651
2592
2569
5039
1704
5256
2929
2572
4023
1508
2179
970
4650
1721
3866
4482
3804
6522
2048
5849
2936
1899
669
5975
1917
2703
3433
1164
906
2743
121
850
2902
3602
2525
2883
632
6106
3953
3269
2450
4413
5392
502
5082
3820
2717
892
2133
6022
6050
2033
4039
513
4929
236
385
174
4579
1759
3601
1863
4230
967
394
2480
4754
1117
2409
1877
5662
317
1476
3709
1198
5204
3058
3339
5342
6420
5390
990
4500
2368
2748
6009
4207
6284
2642
6168
52
6561
1043
2688
2956
3387
4821
3783
1300
4606
6532
6126
6114
2526
5082
5033
945
4147
6107
3580
5562
3131
4582
1203
2466
1787
4817
3991
3011
2995
330
413
5027
2971
6230
3501
4053
1234
4136
452
6380
6083
1383
6002
3241
5245
6365
6255
5591
4059
5234
2792
3962
6426
4493
1888
2510
1029
1523
2134
1305
1513
358
1679
3205
1319
3691
1401
1914
4331
5638
564
4353
1273
6420
2052
3141
3327
3562
1021
4017
196
4911
742
1847
18
239
1801
6381
251
5498
6454
94
5271
5944
2847
1813
5461
5473
1766
6474
2308
6409
74
2930
174
5251
5520
4917
5338
917
3415
6197
4719
265
2737
3209
5984
5216
3794
228
3693
6103
406
1342
6222
2927
5631
4480
6447
3281
2715
5365
1757
3848
245
6099
103
475
1391
922
3722
5515
1743
2189
5641
266
493
6037
5854
2153
1746
5472
1699
2658
6333
3298
109
3632
4383
72
2847
2650
1393
2604
2592
3006
4227
4429
2795
1249
3990
6296
5019
1069
3282
4094
1413
918
5117
5711
4621
267
2060
2158
6048
3135
1234
6509
6577
6427
704
1651
2501
5905
5773
6437
2994
2584
968
2819
5079
4904
5412
2164
2237
3191
6095
3740
897
5190
2354
139
2626
3402
2403
762
2998
4417
2590
3524
6090
4182
4301
6602
4648
4100
5013
4993
5227
3191
5800
706
475
714
2826
1631
6164
2581
5449
3681
5062
2076
4106
5442
913
815
2082
3118
5936
5084
3023
225
6266
1576
2756
1839
1509
651
4847
2295
2066
989
1735
4020
2847
2187
1722
1414
3181
2657
3755
2410
2826
6328
5518
821
1657
5707
17
5538
5234
152
5038
2397
3642
239
220
5181
1186
4681
5519
4175
662
6376
5440
5058
4839
198
73
2348
5669
639
1978
3456
5300
1065
5107
4486
631
2970
6307
6516
2113
824
4996
2310
843
4915
1223
2847
458
4773
6490
6212
4089
6043
295
2440
1451
809
2067
3948
4080
3442
4699
1424
3140
358
1910
5713
1511
2202
4737
2311
1454
691
2310
776
5932
6153
4559
4423
3394
4288
4050
2302
5802
6572
1987
2467
6077
5732
3972
2241
2365
3312
5435
4679
3891
4760
6425
4918
2684
6332
3646
5323
5443
367
3449
6558
4314
3177
666
1489
4110
2544
226
2187
2328
2019
5003
4673
6024
5155
1207
2894
1692
1795
5501
4114
456
1579
933
159
2677
3924
4577
5011
182
6083
6395
3178
608
5366
1623
1359
4229
1149
2486
1858
3911
3213
3579
2421
566
1006
3895
1426
6227
3578
6097
5085
4562
2454
3029
5004
462
3375
1046
2258
5131
208
983
5343
1810
116
5494
1522
473
1555
842
4084
439
5094
4670
1917
1656
2680
939
6407
1055
6454
5895
237
755
195
3110
6392
2586
3458
657
1671
5405
1402
139
769
5149
971
2507
1292
3949
2702
4139
1946
4720
4504
1496
3475
5387
1261
6473
1958
4694
2126
5919
5966
1285
2732
377
618
4136
5362
3905
5583
2461
4793
1078
1306
351
931
2068
6482
6188
3659
3912
2967
2502
4613
1267
625
2987
20
5978
5127
3965
6260
3628
4585
3898
5347
2004
5571
6492
3582
2921
4418
1921
3389
3745
1109
4899
6079
1741
151
2419
1496
6132
4431
2353
4121
1491
2989
3265
6432
5113
5486
5299
3889
2290
3990
5200
5042
6152
2357
4932
5646
1452
598
491
5741
366
4620
3600
6158
310
5238
6248
5252
6262
6601
5068
1865
2205
2588
3654
4484
4589
1402
6357
2927
6108
5362
2878
4973
4011
4955
2797
3806
5429
530
6161
3520
3368
5397
5737
1744
2343
461
4207
838
4906
148
2478
6550
3082
6519
4360
1663
2049
2932
5893
3935
4278
509
4200
1461
1161
2761
2891
6404
3655
2131
4882
5174
412
937
1947
2306
2550
1495
1315
777
2107
1057
1151
6335
2871
4826
1496
6204
2151
943
1349
4733
2721
3913
6392
6250
2727
4176
3013
3400
1194
4434
3788
1413
3924
3572
4693
2635
4849
1035
2382
5988
5055
1844
2482
2227
2567
6430
4159
2578
3883
2565
4209
605
1039
3613
3959
7
4002
414
4176
2222
2472
1470
1932
4150
2408
3056
5805
4097
4662
4031
5346
1200
5653
1153
1885
3452
5084
5995
6357
4111
6564
3294
2441
1175
3509
6266
3391
297
53
4009
4144
3447
3934
972
5285
2557
1633
4247
1396
5413
1424
5681
433
6003
3411
2253
4130
5782
654
5140
3904
6576
3590
380
1617
5840
6445
1707
4330
4895
1224
1243
6234
5153
1510
4193
3321
2618
2053
3660
4498
3834
4358
6408
5587
2428
5168
1929
4726
5540
5974
256
214
2774
4280
3265
2433
5541
6356
5569
5375
2017
2781
190
431
5399
171
5243
4127
3501
6051
5362
5809
672
4161
1293
5564
2508
5367
2789
454
781
277
4069
5063
1670
1208
1966
4529
4177
938
3152
3919
6160
336
2570
2194
5985
5966
3751
4838
155
4484
876
5127
1388
4738
1683
5219
2839
5071
2991
4067
5837
736
1933
556
6422
1607
684
3734
6324
65
3465
5433
5833
3371
6403
6005
2888
404
6174
962
2605
5976
734
362
2220
3305
5626
3062
6039
3450
3301
677
302
5918
3122
2259
2040
4846
3984
2003
1676
6475
2418
2695
2568
392
441
698
2634
4762
1019
2250
6483
6105
3322
6241
5358
1133
3605
5323
27
3827
5602
5115
6285
5392
48
3658
6264
4310
319
3800
6087
265
1614
3503
4706
1778
295
4796
4755
2475
6566
4944
4573
6085
365
2638
2556
6297
1898
3564
6047
1705
5411
4900
5955
4802
2952
3143
230
4538
4229
1054
5846
1929
1058
6082
1320
3306
4250
4949
3542
4018
4868
2172
4736
1929
6617
340
4286
5258
1598
804
3094
2827
6192
1116
5542
5706
5948
886
1715
1853
5427
802
3560
2069
2081
379
327
1994
3157
51
1956
3076
5057
1603
389
4401
1232
914
5147
1053
535
2797
1059
4560
5303
6377
2621
4414
4169
3025
3576
3406
3859
1265
5528
4748
3717
827
4310
3311
279
2129
1401
832
5305
3771
5319
5385
5002
3085
136
1648
1237
5023
5951
2665
5166
2339
5599
1483
6275
3352
2966
4581
4510
149
744
4638
1401
5503
1973
1558
216
6096
3567
1659
2557
3959
5619
3024
1796
752
4886
4340
6227
4309
6372
1817
6539
3159
480
4188
3068
3366
3705
4346
5962
4584
5856
1516
3378
5460
3798
1871
5242
5009
5714
5327
5002
3869
6596
4265
1151
5445
5323
6317
4974
4481
1144
6011
2154
1536
5928
1777
2708
3485
1775
4196
2870
3673
1267
1948
6276
4428
4111
4325
1726
2131
3959
1922
5452
2274
3145
6059
2182
737
5534
2723
401
87
5330
4891
2565
5486
650
2720
875
6433
4412
5765
5868
2994
5736
4751
5898
4645
571
4666
5414
1138
2254
3408
1802
217
6045
2571
1279
1809
1845
1014
5262
4229
2048
1143
2961
5484
5426
3183
3484
2364
5502
5745
6052
1554
5877
3137
1465
742
5301
2641
4428
3695
4867
5786
1926
2546
2268
2281
4599
4784
6218
3133
2928
2477
4566
3679
332
4951
712
2993
1450
5333
5248
5598
4668
3244
3050
3373
2885
5146
880
1959
2437
2769
1545
4698
6413
2678
3117
1686
2976
1655
2010
3322
3818
163
2850
4891
4135
3517
3894
6536
4511
1235
1312
134
4922
5657
82
6499
833
2396
5418
3440
4484
2706
4299
1131
4496
791
4557
4394
3769
5649
5092
1864
2347
5616
4616
997
2041
3591
2405
5024
6132
1337
1530
944
6259
317
1356
1907
2746
6212
1400
2086
4663
4954
663
1438
146
4540
2313
3671
3995
707
301
483
700
6138
5767
6026
5912
5862
2834
331
1708
72
2699
6151
5900
359
3880
1121
3778
1340
4304
2741
1267
3142
6075
5150
3487
6058
3850
5811
3444
1519
5799
6275
6119
5069
98
2327
4086
5336
5324
3699
62
4385
363
1551
6266
3291
6400
4264
2559
2604
4831
4647
3881
5642
4976
4504
5297
2504
4271
3206
5189
1770
1205
575
5552
6593
6619
688
6376
2268
2863
2788
1680
1358
6496
1251
1316
1834
4232
1028
4030
1577
5903
304
2457
1128
5748
4245
2648
1593
3531
1504
2097
3471
3136
2383
1997
2604
1596
2672
5776
338
5878
3805
4466
232
2591
4800
5467
1912
6083
2376
4937
3042
5450
277
1718
4508
2697
1281
6530
2683
5008
3839
735
4542
4731
955
5961
3996
3508
6142
2859
5118
6391
4045
2292
1245
1389
3008
4549
1182
985
1993
5391
5319
2129
67
4074
751
2206
3825
765
5882
5658
3601
5301
5103
1988
5665
2645
4433
4973
3730
2861
4076
730
3036
3855
4155
6141
4178
1397
371
5349
12
1485
1427
2550
4832
592
5902
3035
5784
3329
1747
2462
3932
2307
3967
1066
312
4163
5807
3472
5803
872
2435
5957
4456
6498
5427
1601
3325
5664
5872
5070
5037
2226
3207
5865
2999
3575
1061
3279
662
5069
591
2873
5287
5477
3459
2589
2799
317
5870
5323
2276
3803
6094
5241
3133
167
4315
3998
1868
3125
4778
1140
6146
5293
3018
34
2203
4156
662
1761
5083
598
5794
6299
5672
3629
3166
3795
1473
3536
6019
6521
5623
5425
3022
5369
460
5309
5160
3033
1827
419
3326
6216
2620
4064
3449
3644
2905
6401
1101
3323
5116
3704
2145
158
2790
1072
1515
5529
3080
3394
1738
4836
3583
2165
950
5495
4180
4523
1807
5261
2824
2105
2965
3608
3340
525
6560
1297
3886
1703
3936
4741
5169
534
1697
2039
3421
122
1658
1023
2857
6387
2402
5122
3423
2484
6031
569
3552
2396
1891
5596
318
3461
3051
1370
3809
2701
4761
4395
4794
2147
2930
506
2122
526
3248
432
268
5999
86
3858
2134
2773
5357
6386
4154
3828
3302
9
1600
4435
2102
3239
3165
1318
2181
2782
3295
3510
2175
5134
995
3432
2093
805
4554
1049
4502
2460
4437
90
599
5514
2579
767
4055
3210
2027
871
1050
573
287
3390
3514
4428
5830
5966
4893
4603
6199
1325
1079
5378
3008
5640
3431
6623
516
2286
1964
2216
998
3869
5141
329
6359
495
4576
3370
5069
5820
536
492
6060
6560
3184
173
3507
610
636
3684
3349
939
321
5856
4578
5829
3008
3158
4457
3761
259
5074
1093
936
2813
3799
3801
5093
6551
295
3900
2583
5607
4505
4740
5610
4202
4153
5458
3923
2244
1936
5810
2287
567
2681
6277
3835
4712
732
3586
3146
6065
2535
3395
3516
3826
1471
4807
2495
1783
2991
2503
5380
5991
1906
3901
3004
3710
3662
3506
2340
1693
2476
4151
1856
2994
4698
4214
1759
3008
4439
4030
1283
6169
4580
2388
2513
4997
1047
5966
536
4708
1152
3721
4260
215
3779
5931
6441
3930
3574
451
176
4857
3588
4166
3727
2758
3657
5310
3220
941
6570
212
2825
5110
1772
2982
761
3019
4456
1401
1503
3814
3773
3390
1544
5829
847
1231
1733
2806
6456
5910
3172
6308
5467
5738
3067
1999
4811
6232
2518
2304
4300
1673
2939
5025
4732
6622
4707
4798
1748
3662
5196
281
2564
3728
3879
186
3236
3037
4004
2625
4739
3853
5717
3703
1468
1947
4093
2265
2058
587
3669
4933
188
5161
71
4878
2647
4273
629
864
3242
5907
570
3502
11
5099
2930
6135
2896
1781
5763
5280
2083
1843
4012
2353
1736
3221
4874
6430
538
5968
5086
4290
1506
1472
3908
5234
4771
5508
2501
2537
5715
6253
4766
3486
4255
4306
3939
1299
1298
1479
3519
813
5796
1559
470
2249
2334
6283
1492
3290
4375
1842
1184
1719
2248
1400
6073
4231
3838
4136
6625
1835
1706
6562
276
4492
3809
827
2300
4617
1490
5563
4430
2139
659
2523
444
1908
1287
4678
409
4968
3742
5627
5879
454
817
6621
1731
2541
2353
5993
6357
113
3894
5068
1059
2860
315
4465
5901
2560
5344
3719
5028
2989
2124
964
6310
6347
2144
1458
3807
464
5516
1377
2277
2398
5782
5187
4688
6348
2893
2953
4977
3515
1375
634
5317
5352
4992
3707
1533
55
235
886
4590
4470
4875
785
6239
5082
4248
2167
5779
5644
2379
2943
6358
2822
6446
4010
1742
4345
3351
2507
1549
2118
5294
2791
2268
1638
1717
3815
5199
2318
1351
6195
3171
4515
6548
678
4426
2599
2582
5984
1432
2878
1634
915
6591
2257
4170
3405
4908
5436
2752
3720
3977
2766
4228
111
6140
5561
1456
2162
4141
481
3748
5126
1420
2696
1123
1421
2400
5839
1729
2536
390
1332
5992
888
783
2900
6591
5018
5703
3634
77
5066
3089
1666
6397
2554
644
5263
4734
500
1500
5341
4465
3071
3153
4672
2375
1556
397
4788
3648
686
4315
1731
216
3185
518
549
4632
3587
2940
5138
2350
2522
4478
5253
3434
5409
6599
1346
4521
5758
4724
3429
2644
1970
4284
1937
4875
260
4945
2087
4049
3160
5892
1505
4279
3265
4268
58
5376
6339
5112
939
6215
1401
4051
600
3647
606
3847
4136
6028
2273
1048
5296
5215
5711
3191
3223
1112
128
3734
994
4495
5966
4479
4625
1242
3869
6014
3054
4988
1674
5671
5417
5782
1410
2864
3151
6523
1310
4887
2497
1089
1060
3864
2930
4806
841
1701
5674
6385
4545
6467
4165
3031
2823
4162
1313
4221
1260
4788
4438
1535
3251
5191
4222
819
5698
5796
599
563
4454
5398
161
3424
4025
2947
1309
662
4475
1756
3142
5719
489
4526
5421
1416
6149
3180
415
539
4801
4032
64
391
3555
1241
5746
1656
3626
1875
5490
1073
2800
1881
80
4385
2942
4818
3362
2442
4507
2906
1538
5907
2529
201
5374
1923
2983
2631
5829
5116
181
3752
2606
6020
6396
6131
1378
6535
5428
3231
5629
4474
5796
1262
619
4738
1259
789
1548
3214
1572
5356
3513
3914
2691
4704
1499
910
2370
3245
909
5076
5386
6337
2616
1296
5864
5971
1667
2494
4544
2969
2847
4237
2451
3066
2755
5105
3808
5155
5815
5609
4137
2557
1009
6006
5059
6317
3734
1085
3713
5884
2520
795
956
5774
5704
4019
4556
2312
1790
6207
4994
4307
3287
3262
342
6621
6056
4983
1401
2385
5699
774
5513
5462
4941
1429
3096
6040
773
5159
939
4339
125
5835
2176
3204
708
1981
5273
800
6344
5795
2939
1405
1901
5032
1286
4865
1972
3731
3842
5740
5923
4926
4015
4184
2652
1110
5983
2084
2555
5224
2485
3044
6080
393
3123
1034
1215
2477
1565
4026
2753
5222
2230
2785
494
3777
145
5585
4703
224
1851
1385
4969
1277
5239
1170
6063
1246
5766
6229
3149
3787
3053
1931
1893
3972
331
4276
5281
5907
5424
1556
4338
4869
3305
6078
3527
1573
3566
1861
5434
1119
3885
1401
3414
4563
2904
2846
601
1606
6468
5966
6147
510
2664
5825
2237
3746
5923
4560
6282
2619
1650
1068
4691
286
5627
5664
1903
2694
592
4833
1156
4185
3008
4706
2364
5673
3264
4912
987
476
5111
5475
5097
5983
5551
1373
1314
5929
3280
6074
4469
662
6013
1354
6314
4875
6235
127
5686
1254
4512
3008
3228
3938
788
556
1967
689
5482
2389
1482
1527
435
4258
2687
3529
189
2119
2034
1157
2218
135
5162
4217
3612
1399
3523
2132
5637
1371
5234
2048
4747
790
4984
5634
6195
370
3493
2873
1848
3362
6101
6340
166
3363
1685
1327
6306
1859
742
3618
740
1329
981
520
1449
5332
2661
6569
1897
5084
6376
3617
528
5328
2951
248
912
5179
6561
2548
916
3540
1008
1739
3355
5697
3999
2285
4902
5730
616
699
4072
5259
561
238
3257
2264
511
5543
3941
5588
4310
479
285
2363
3077
3443
2673
5555
829
1199
4991
3696
72
5728
1022
4623
1902
3100
2812
6100
3978
2514
5408
6101
5276
5464
4786
786
994
5632
3615
442
2731
4693
3020
5500
5028
1302
756
828
1771
1514
2959
2455
4281
6606
2209
4112
5961
4572
5829
4975
4593
4839
3791
5978
2117
6261
519
5494
137
5938
309
1090
637
5522
316
5890
2021
6320
2309
536
3662
3522
6443
3571
2728
3428
2611
2468
4695
4374
1758
2901
1580
6104
6265
4399
5467
4448
5155
2855
529
830
5978
1884
4487
5904
3007
6124
2615
6329
1294
1374
1369
6150
2553
2772
3028
487
3952
690
27
5838
6212
5139
6362
615
3372
5789
6480
2827
4484
648
5589
638
4364
2882
1956
4852
3498
4313
4892
89
6442
323
510
1141
1603
6518
4535
3871
1894
5423
2045
3869
4225
1488
3611
130
1071
3478
2920
4607
3698
2938
4183
4049
1562
1239
6608
661
5395
5965
5393
5606
6291
6254
1624
3781
4627
4467
4927
531
223
4899
2960
5817
260
352
6530
5116
4953
6455
2996
6549
1502
5173
622
4769
497
5977
5521
1104
1959
4685
545
574
6159
1455
88
2675
2052
4888
5454
3809
3668
5801
3750
5339
4334
